2.143626510808307829e-15
4.450063324670939141e-17
1.870371261141456444e+03
2.221015692609367306e+03
1.552798573643498685e+03
1.008507692052145899e+03
1.133411887504598326e+03
8.975415947050762497e+02
6.956789066051370582e+02
9.859245798065967392e+02
5.931907051868660119e+02
5.878294551221968050e+02
7.247473299014594659e+02
7.021949596093605805e+02
5.961001985658493822e+02
5.879131696826941607e+02
5.745122005173610660e+02
1.332694028315070227e+03
8.313054703907458816e+02
8.162533748085699017e+02
8.118798078922155810e+02
8.522705249402806658e+02
8.386217883056046958e+02
9.344367550919105270e+02
1.412350355569787325e+03
9.390978914604664851e+02
8.818596115077525610e+02
1.045642647904358000e+03
1.497140358020834128e+03
1.096501739987460724e+03
1.104435277742215931e+03
9.637948166162586858e+02
1.216369298676439030e+03
1.062705650681584075e+03
1.104920953581850881e+03
1.194252776086379299e+03
1.091018155036722874e+03
9.543231330808537223e+02
1.081477695613962624e+03
9.855499296124212378e+02
1.449574075713417187e+03
1.322695507650011905e+03
1.422630652120923514e+03
1.514562311292530921e+03
1.241419285735028552e+03
1.241877629309172335e+03
9.879137977872297824e+02
1.588018888818471396e+03
1.439821729388112090e+03
1.103719157778728004e+03
1.316482544498559491e+03
1.347229498538746611e+03
1.655383535416985069e+03
1.608733802911228167e+03
1.363396575274396810e+03
1.214000721336310562e+03
1.307263045942870349e+03
1.772703032725150024e+03
1.416691829118161195e+03
1.371198941163723703e+03
1.675643004017400244e+03
1.722745853874319664e+03
1.559500778963666789e+03
1.596972923242415163e+03
1.516729697014856811e+03
1.464169673938931055e+03
1.891186072665711208e+03
2.118392635440570302e+03
1.588936567744696049e+03
1.703110134963949122e+03
1.773317424313125002e+03
1.966885273804445660e+03
1.963743403105182551e+03
1.586510480455821835e+03
1.781716066129960836e+03
1.657576043062383860e+03
2.182027463736952541e+03
2.174748738851285452e+03
2.212821385213539088e+03
2.055691492612785623e+03
1.821849965017424893e+03
2.207820141498266821e+03
2.213449274135697124e+03
1.953552296120872825e+03
2.001756162487575239e+03
2.228080184533831925e+03
2.514431847358854611e+03
2.637972699552648010e+03
2.603958938358145133e+03
2.516110085821438133e+03
2.622161353012608743e+03
2.862275051468073798e+03
2.177993204784060254e+03
2.416948992577561057e+03
2.788557379599370051e+03
2.246751104436192691e+03
2.090476514166782636e+03
3.152266135931997724e+03
2.254979443445193283e+03
2.465058901107434394e+03
2.803510325071067655e+03
2.840887085117444258e+03
2.821567457789371929e+03
2.886415503143302885e+03
2.106863543675594883e+03
2.569095869152722116e+03
2.680512757367989707e+03
2.623198094264889278e+03
2.824575195179613729e+03
3.281847426039670609e+03
3.147900352776254749e+03
2.805088739485169299e+03
2.816579196144632078e+03
3.249673876317599479e+03
2.745639646378536327e+03
3.358861210158949689e+03
3.566352515385115566e+03
3.176555998514882958e+03
3.721460100500352837e+03
2.927757344771122007e+03
3.238228207588169425e+03
3.571955302958029279e+03
2.975275739625350980e+03
4.027681215749399144e+03
3.704203184206677179e+03
3.550221890584969515e+03
3.356542655189717607e+03
3.631723318550296426e+03
3.568792852326501361e+03
3.431594260236384343e+03
3.336016137063259521e+03
3.691673917751427780e+03
3.276624884633462898e+03
4.033782402702650870e+03
3.424652879594023943e+03
3.520144253670878243e+03
3.920215214681965335e+03
4.480422436704274332e+03
4.054731414252067680e+03
4.473832357405345647e+03
4.411181167469746470e+03
4.002812157833655874e+03
4.298462830085901260e+03
4.131543618934923870e+03
3.997408119304301636e+03
3.367149054930885086e+03
4.087353776343911250e+03
4.628494947871670774e+03
4.555445975520759021e+03
4.630500932006589210e+03
4.632747705434521777e+03
4.402304748061783357e+03
4.406341123187786252e+03
4.947114689949017702e+03
3.536393205236594440e+03
4.516025661583303190e+03
4.808765651412554689e+03
4.239376047687341270e+03
4.504723123346582724e+03
4.487684348908022912e+03
4.771524990965431243e+03
4.873240890250112898e+03
4.530861115260078805e+03
4.584598181666357050e+03
4.347101846631127046e+03
4.483112296824077930e+03
4.917430898740190969e+03
4.686074197637826728e+03
4.773198982821205391e+03
5.140877333646577426e+03
5.167059723944967118e+03
4.119831235118652330e+03
4.763590689153485982e+03
4.452767461282471231e+03
4.571773805059553524e+03
5.028223796611214311e+03
5.676749756813814201e+03
4.847076979220772046e+03
5.226286457841318224e+03
4.405236060046380771e+03
5.652286236163258764e+03
5.646614194482825951e+03
4.809355415500466734e+03
4.983906753538755765e+03
4.552589853746734661e+03
5.547546694814504008e+03
5.411825798083857080e+03
5.272350800687648189e+03
4.680554578317672167e+03
5.454647129918614155e+03
4.464648885763298495e+03
5.529229007009163979e+03
5.421079511398895193e+03
5.549134814959644245e+03
5.818333564186237709e+03
5.538174381259439542e+03
5.376550294887090786e+03
5.832035529210475943e+03
5.581023549216379251e+03
5.434319890114980808e+03
5.737767158777693112e+03
5.147861444549018415e+03
5.449086836119146028e+03
5.289134057492214197e+03
5.794964282497911881e+03
5.371717526605030798e+03
5.446640202881862024e+03
5.423057664282087899e+03
5.285880855948319549e+03
5.140615901125575874e+03
5.210781811839961847e+03
5.142208357157707724e+03
5.110218283587840233e+03
4.719856877161339071e+03
5.097509352892137940e+03
5.420718424456901630e+03
6.152840925371015146e+03
5.572609986105418102e+03
4.950322681268407905e+03
5.640482240004540472e+03
5.003847904347905569e+03
5.212771050724663837e+03
6.103336528254897530e+03
5.144788342447516698e+03
5.367431729949388682e+03
4.312454244768222452e+03
5.679995805731240580e+03
5.725394610829016528e+03
4.640319646687023123e+03
5.755263246000004983e+03
5.438938860299650514e+03
5.960263007447761083e+03
5.113698481348111272e+03
5.610436650295645450e+03
5.543255825691734572e+03
5.349786059369326722e+03
5.684068007294032213e+03
4.963030675097845233e+03
5.113228328011247868e+03
4.975887589291807672e+03
5.121653119303972744e+03
5.064182662553538648e+03
5.096173539838949182e+03
5.362704323757778184e+03
5.216317181178489591e+03
4.343236560442499467e+03
5.434511749411693017e+03
5.475211750947016299e+03
5.233114209445524466e+03
4.809485240497037012e+03
5.408417285520085898e+03
5.020054464210705191e+03
4.900263546369434152e+03
5.088044087154764384e+03
5.023796660803083796e+03
4.658189438451648130e+03
4.682999116842707735e+03
4.523224880964229669e+03
4.718023123095068513e+03
4.980300535990051685e+03
4.741970413665727392e+03
5.067380276520546431e+03
4.389893442013407366e+03
4.766218518182975458e+03
4.755515180211624283e+03
4.575223580318061067e+03
4.620781999130319491e+03
4.739478521439574251e+03
4.758292821812340662e+03
4.700856638827256575e+03
5.446216133627562158e+03
4.292079875826457283e+03
4.745849261164953532e+03
4.575198688535052497e+03
4.484260467105137650e+03
4.216264024353319655e+03
4.836259399180500623e+03
4.589611133786248502e+03
4.169133416488739385e+03
4.264694621190662474e+03
5.135770034380530888e+03
4.410672656983073466e+03
4.649507989478980562e+03
4.414669605430500269e+03
4.374416465380066256e+03
4.454942800656804138e+03
4.627407583334754236e+03
4.313022192888184691e+03
3.798556652157671579e+03
4.173513175924714233e+03
4.186580332305569755e+03
3.890281887311098671e+03
3.968065280050259844e+03
4.452866042834149994e+03
4.189857551826900817e+03
3.715958813419453691e+03
3.403698934287636348e+03
3.488184066509353670e+03
3.762086286247515091e+03
4.074268952632289256e+03
3.648618588818415446e+03
4.039842202608504522e+03
4.283028297118046794e+03
3.644763105910062677e+03
3.681717986616996313e+03
3.731643751356642497e+03
3.589695971584165363e+03
3.328479968955369714e+03
3.535516998927575969e+03
3.715953221963241504e+03
3.440062742164492192e+03
3.602799528146137163e+03
3.501515987594179933e+03
3.038101840298064872e+03
3.453663526441177055e+03
3.145604958463286493e+03
3.341118456091330700e+03
3.385660776506768343e+03
2.953220871902821273e+03
2.979667114147056964e+03
3.220173375701379427e+03
3.505347198022677276e+03
3.208931507376452828e+03
3.210831553506446198e+03
3.151650124852074441e+03
2.742596132797115388e+03
3.205389351798020471e+03
2.673116518636185447e+03
2.913415546417604673e+03
2.941386068318382058e+03
2.792829811300622623e+03
2.771885192052084221e+03
2.812028060202121651e+03
2.681350858624564353e+03
2.859148463181438728e+03
2.637719915367228623e+03
2.563500176608936727e+03
2.520739719241123112e+03
2.729609838759335616e+03
2.862100803100748180e+03
2.635718488380747658e+03
2.746718402489814707e+03
2.700888721428877034e+03
2.510242062585661188e+03
2.471027850488046170e+03
2.592990115993029121e+03
2.646920449852131242e+03
2.374273510242379871e+03
2.272319081802577330e+03
2.336965314818158276e+03
2.412840532505135343e+03
2.109115330253498087e+03
2.658631468292300724e+03
2.226108719631875374e+03
2.238980985670476912e+03
2.029831334749682355e+03
2.254527186198014533e+03
2.015189523373252996e+03
2.069018314582681796e+03
1.960798112035602344e+03
1.918620442638613440e+03
2.108079662141798963e+03
1.957297974542285829e+03
1.975354975310764758e+03
2.070354650236046382e+03
1.798612473553741665e+03
1.813997461334704440e+03
2.149218664996866210e+03
1.856917937252141655e+03
1.921253236164617419e+03
1.932511516697972183e+03
2.013273404985009847e+03
1.775394655223161180e+03
1.805142501931185961e+03
1.797193701379758977e+03
1.645719252392725366e+03
1.777754714074649200e+03
2.000162838169246470e+03
1.872853899229604622e+03
1.824598359792453493e+03
1.774354316719122153e+03
1.810510148611964951e+03
1.760747190378961477e+03
1.778113989722795623e+03
1.746501732219238193e+03
1.657095134525226968e+03
1.817571670608490422e+03
1.652043083489311130e+03
1.526988925155424113e+03
1.660788052020863461e+03
1.810283113761848426e+03
1.563898199743495525e+03
1.706137548922133419e+03
1.580232572149330963e+03
1.583781412018475976e+03
1.475526492269070332e+03
1.632115471974668253e+03
1.463799721500394298e+03
1.665544660315721330e+03
1.647748081178741813e+03
1.531902662708514981e+03
1.621089053278091342e+03
1.546213723751962107e+03
1.675784808153870927e+03
1.577969831358040210e+03
1.622557845227016742e+03
1.547259074888513169e+03
1.503825185529602322e+03
1.549418351280538673e+03
1.590611672710856510e+03
1.578694613199475043e+03
1.626382571629929998e+03
1.683141542228002663e+03
1.663434740298228917e+03
1.596767453593855180e+03
1.552070153398643015e+03
1.637043449559293094e+03
1.538384861265027212e+03
1.567031989977744388e+03
1.409548313232018018e+03
1.616592808652038457e+03
1.543165789177227907e+03
1.720343839865066457e+03
1.625899510271119425e+03
1.599966739284299592e+03
1.619838377854020564e+03
1.724741178627596128e+03
1.674279736041283286e+03
1.613629522084229620e+03
1.619401528253497418e+03
1.688825783670004739e+03
1.681521585366374438e+03
1.576556036747047074e+03
1.745101734452500068e+03
1.740502005437467233e+03
1.648312777980743476e+03
1.621974763473958774e+03
1.810537174367333137e+03
1.803706747895514809e+03
1.761452667734344232e+03
1.691771298266370195e+03
1.596253910618190503e+03
1.671139025186699428e+03
1.813422538442031964e+03
1.657891626804909038e+03
1.609265283769425878e+03
1.753054208251035789e+03
1.784738585830683860e+03
1.841109681509989969e+03
1.880868265189992371e+03
1.683854533573063463e+03
1.706046832752664841e+03
1.811537200621980674e+03
1.814743371022403380e+03
1.900428990228271914e+03
1.871204416918699280e+03
1.926068497998539669e+03
1.786929586040126651e+03
1.908143571317903024e+03
1.790149233907183998e+03
1.804236926202321001e+03
1.929902312438662648e+03
2.015394367461615730e+03
1.943027575929174418e+03
2.031328532505086969e+03
1.726781645499456772e+03
1.778438328251065514e+03
2.005422200232992054e+03
2.044005906602659934e+03
1.905687472425548322e+03
1.959905182546145397e+03
1.901417226251720422e+03
1.938562724884294539e+03
1.942882767537573727e+03
1.866385486806036170e+03
1.949409781542438623e+03
1.946150476115488345e+03
2.011592086158376787e+03
2.041918377516346254e+03
2.124031711465093849e+03
2.000290673725885654e+03
1.952883407205594722e+03
1.993727272712830654e+03
2.109449938825552636e+03
2.262883765702558776e+03
2.045413963693545384e+03
2.112839881784032968e+03
2.074430372782828726e+03
2.201587446411163455e+03
2.053732154933667971e+03
2.161560618917530519e+03
2.212491774090516174e+03
2.012830369492405453e+03
1.921112728434752626e+03
2.180671109303542380e+03
2.320549317315229018e+03
2.223006055229868707e+03
2.280146644910215400e+03
2.132357038525849475e+03
2.018194592466123595e+03
1.983021144870414446e+03
2.005848244767456890e+03
2.239637460659336284e+03
2.228101558471091721e+03
2.188440197223690575e+03
2.214122249677925993e+03
2.411362408121962744e+03
2.326059773613816560e+03
2.383636144630114813e+03
2.234514391583103588e+03
2.216696296964189060e+03
2.346929811947906273e+03
2.122582300800869234e+03
2.276995963887319704e+03
2.213167725106379294e+03
2.098337122627935059e+03
2.207776906361299098e+03
2.304329368953191988e+03
2.121883790452729500e+03
2.333414514223212336e+03
2.023922708824759184e+03
2.255869112519418195e+03
2.215808086368203931e+03
2.335574265047976041e+03
2.356086114346569957e+03
2.312178375331752704e+03
2.320005319308741491e+03
2.473293635880287638e+03
2.282473013514164450e+03
2.157588975718374058e+03
2.190439794001631526e+03
2.340831945921239367e+03
2.293642800505099331e+03
2.167707063824754186e+03
2.243939501542738071e+03
2.228905359058359863e+03
2.430927922496088740e+03
2.356238069156585880e+03
2.302012578922101966e+03
2.356892610378155496e+03
2.205818971329752003e+03
2.344654613829459777e+03
2.455539841176353548e+03
2.139155962541502959e+03
2.191058766423559973e+03
2.335613671100571082e+03
2.239883937295284341e+03
2.296025284934746651e+03
2.300833951296398027e+03
2.388399747684471549e+03
2.254108865373018489e+03
2.232151899613984824e+03
2.303634727807236686e+03
2.100618100462232178e+03
2.341906200030142827e+03
2.160672285797953919e+03
2.219505156760807040e+03
2.226021125927125468e+03
2.213972343403540890e+03
2.168703142935167307e+03
2.312264228533235837e+03
2.229929452222675991e+03
2.148985584988018218e+03
2.017637148332240713e+03
2.344958570068118661e+03
2.120783286041555584e+03
2.082725647361618485e+03
2.111165890676564686e+03
2.221397338351534927e+03
2.114082026688950464e+03
1.999493927469439086e+03
2.154767016813962528e+03
2.065576435454086550e+03
2.081889437367002756e+03
2.050516958018736204e+03
2.091848917631289623e+03
2.166813082614899031e+03
2.176651990633168225e+03
2.010534831518899864e+03
2.068772548303433723e+03
2.248156938317697040e+03
1.993237472038237911e+03
1.962813864818981983e+03
2.056572402328029966e+03
1.872739798316242513e+03
2.000864476417510332e+03
1.995296728632740269e+03
1.946558029407084177e+03
2.177852608628293183e+03
1.937886256492796520e+03
2.053698568982752931e+03
2.143196082926679082e+03
1.883491338469994162e+03
2.089526135290072034e+03
1.981920710193451441e+03
1.969310724269997081e+03
2.006044031740181481e+03
2.080417552700877877e+03
1.889587905688734281e+03
1.846320036810093825e+03
1.824608610722373896e+03
1.913919139150150386e+03
1.802580505480097600e+03
1.832681051826175462e+03
1.882176671915364750e+03
1.921268086555963464e+03
1.910426172640873347e+03
1.853209327130191696e+03
1.866761483355605151e+03
1.761921157198771652e+03
1.795044578714883528e+03
1.788380316075853216e+03
1.701473512817042774e+03
1.796457169469075097e+03
1.822711578125574079e+03
1.731734717644095554e+03
1.717329281171005505e+03
1.740439292453069129e+03
1.775316023368214928e+03
1.664174638520895996e+03
1.761022087256452323e+03
1.598874431188039352e+03
1.710752345625854332e+03
1.702373107623434407e+03
1.699407219890936858e+03
1.698903998741471241e+03
1.729803040850558546e+03
1.604688873412078010e+03
1.580758846825274304e+03
1.628505585071053929e+03
1.675270207863963151e+03
1.643171036148521353e+03
1.568031473827065611e+03
1.587324515799992241e+03
1.626810856278635583e+03
1.745459115717879513e+03
1.653214542638026842e+03
1.613577610434630742e+03
1.485458144168377203e+03
1.519346269664705460e+03
1.711293607953014089e+03
1.576361308797537731e+03
1.694440637144041602e+03
1.558407515998698273e+03
1.687227905034083733e+03
1.656867172593257010e+03
1.487708232431399892e+03
1.551225939238015144e+03
1.439416186184846765e+03
1.650066873090515173e+03
1.560959176768780026e+03
1.570343922562953594e+03
1.557327558812036614e+03
1.568548889373995735e+03
1.602279664473860294e+03
1.654243305948561101e+03
1.462371020044863371e+03
1.680905457319896186e+03
1.558572157840159662e+03
1.483859813329413555e+03
1.513062309634684652e+03
1.489101939941557475e+03
1.427427841977949356e+03
1.489194721691380437e+03
1.609123936463532800e+03
1.556428352985574975e+03
1.430857565872719988e+03
1.454774459226669933e+03
1.544120833769204410e+03
1.448281838523008901e+03
1.473950231559337681e+03
1.485806386207488686e+03
1.520754542396202623e+03
1.550406884538872873e+03
1.493410608699430213e+03
1.485384776103832792e+03
1.414399613421845970e+03
1.498791561004537925e+03
1.521862361289905721e+03
1.565735406025889915e+03
1.519122723413845051e+03
1.502900163347713033e+03
1.393584168454604651e+03
1.476464423306924118e+03
1.437893153088779400e+03
1.422956701896421464e+03
1.578097295475715327e+03
1.522952663429972745e+03
1.547244468066546460e+03
1.545270909820237648e+03
1.507949448825731224e+03
1.502048343791645721e+03
1.510606680663931002e+03
1.582470942743402247e+03
1.532214730511924017e+03
1.674720235348386495e+03
1.648283473847969390e+03
1.509838511922142743e+03
1.500252255706905544e+03
1.453879680760761175e+03
1.638395037848983748e+03
1.506152525927919214e+03
1.596043763166416511e+03
1.678317792748013289e+03
1.653022833044594790e+03
1.694915673598387684e+03
1.549247395607241060e+03
1.577135972865715303e+03
1.548693304009766052e+03
1.568856659018325900e+03
1.564443638293838148e+03
1.590875288912416408e+03
1.562075584192216866e+03
1.563790855584723204e+03
1.586670576170861068e+03
1.600145163498509646e+03
1.570987614964366003e+03
1.631624843286703026e+03
1.584714108621998321e+03
1.610973697500577828e+03
1.681883689768126033e+03
1.558269131681047611e+03
1.482723163738880885e+03
1.625082657670906883e+03
1.639116374056794029e+03
1.629185369844954039e+03
1.547949374186782279e+03
1.626989720507711809e+03
1.613847170310179536e+03
1.742618157202801513e+03
1.510351957276773419e+03
1.615437529900860909e+03
1.670826093634358813e+03
1.614326341000497905e+03
1.649111440555448553e+03
1.714643533659622562e+03
1.731684813467228423e+03
1.660341930535538950e+03
1.785350729319369748e+03
1.674293733024977882e+03
1.850218235628386765e+03
1.631936048016174936e+03
1.686243438437794566e+03
1.796765249747763164e+03
1.705826920677838871e+03
1.686856587192639608e+03
1.834666172595589842e+03
1.833964416560316749e+03
1.786941818851963035e+03
1.742424284214422187e+03
1.819317746390064940e+03
1.730579156121310234e+03
1.883658707781656403e+03
1.762641831005695622e+03
1.792948804719855616e+03
1.775828599115213819e+03
1.829697041941517909e+03
1.747811000317112985e+03
1.732728194910778711e+03
1.805232744180848158e+03
1.849896506474417720e+03
1.837219821526339956e+03
1.780795645347747495e+03
1.903081478456379273e+03
1.875230292905780516e+03
1.790882885570676535e+03
1.919822688442832032e+03
1.863843751383841663e+03
1.783016666851146510e+03
1.731155324703741144e+03
1.864132455037436557e+03
1.840785729385687546e+03
1.896584786858704319e+03
1.841878079723520159e+03
1.844879877758464090e+03
1.936587114301833253e+03
1.851360727322557750e+03
1.921574279782950498e+03
1.902726036372506087e+03
1.955088706393465600e+03
1.926822065569879896e+03
1.949049554536410824e+03
1.958130513825629350e+03
1.839632507552165407e+03
1.822955582363064650e+03
1.850395882244283712e+03
2.009245335302584181e+03
1.998082515290407400e+03
1.966145551910688937e+03
2.041663552572405933e+03
1.829328633030446781e+03
1.893644891343078825e+03
2.062519499573321809e+03
1.978056484809462290e+03
1.831476164695474381e+03
1.877512400880576024e+03
1.974655812094754765e+03
2.065141135731491431e+03
1.936012781538112904e+03
1.921827298636803107e+03
1.882208431713108894e+03
1.897810577781181109e+03
1.977681220117578277e+03
1.918176583813835350e+03
1.998958883364196026e+03
1.842466245123800263e+03
1.972879614682662805e+03
2.012923985532970391e+03
1.954564311584491179e+03
1.862888659820500834e+03
1.859535730026698502e+03
2.030237972408753649e+03
2.002567515178207941e+03
1.977267509455951540e+03
1.876609239921348262e+03
1.986286353098128075e+03
1.883072060367866925e+03
1.890544399019150660e+03
1.822711455135842243e+03
1.919727436867722645e+03
1.832020178297764687e+03
1.878008113281962324e+03
1.860246760757227094e+03
1.835474634201725394e+03
1.868911506392107185e+03
1.887567976463484456e+03
1.855182078134313315e+03
2.054389104042379131e+03
1.855331271044097321e+03
1.802078708882524097e+03
1.851465510594282705e+03
2.026764607525903330e+03
1.886341501597789602e+03
1.904350056750102340e+03
1.937209450914049285e+03
1.826214342229387057e+03
1.964060829324227825e+03
1.869451005989801388e+03
1.978807658280468559e+03
1.733739829311036374e+03
1.741344440986936434e+03
1.848376838135736079e+03
1.829609055034590710e+03
1.804165050892712770e+03
1.898542930885009355e+03
1.947808170850857323e+03
1.831780629782023425e+03
1.793447335455236043e+03
1.823251735828494702e+03
1.749811019202355737e+03
1.861610565169578877e+03
1.681896475703676970e+03
1.784163348708157400e+03
1.646866562899839437e+03
1.668087288029174715e+03
1.813028838176299359e+03
1.620812747818971275e+03
1.724597541233382572e+03
1.704162302714684074e+03
1.687824906621267928e+03
1.665097685392274343e+03
1.628078224732936178e+03
1.678353592267813838e+03
1.709984429988758848e+03
1.685140146102941799e+03
1.624106283758144400e+03
1.615943656844294082e+03
1.715006179634100590e+03
1.678836759050188448e+03
1.570195338151367423e+03
1.548720585952770307e+03
1.592035888048158085e+03
1.614818416034665916e+03
1.609985780172673913e+03
1.480167510737266184e+03
1.590392809283328006e+03
1.587776367024519004e+03
1.608432681470760144e+03
1.540868555914893477e+03
1.540000868037436931e+03
1.597863981030445984e+03
1.596255274490071315e+03
1.489948659144136172e+03
1.569224132296019661e+03
1.538307915761662798e+03
1.561257826891364857e+03
1.438014717555086690e+03
1.540440529903640254e+03
1.483804345879362472e+03
1.416348182894526417e+03
1.395390443476791916e+03
1.434810190472644763e+03
1.388801278473063576e+03
1.448853832935489436e+03
1.402596070086833151e+03
1.380341663222887519e+03
1.389164546048149305e+03
1.382367456308012606e+03
1.378546028449838332e+03
1.405065675663367074e+03
1.345225673454998514e+03
1.312165216220860202e+03
1.293103178201959963e+03
1.376057909472798656e+03
1.276175922366565828e+03
1.277643580519378247e+03
1.340751295056206345e+03
1.304808274404328813e+03
1.354207229392482077e+03
1.250129744398186176e+03
1.241547120911149250e+03
1.238771241149616117e+03
1.240961749024642813e+03
1.277580590992324915e+03
1.207139290501508412e+03
1.209742387302661882e+03
1.169978577123318246e+03
1.205476226360724922e+03
1.259323424267221526e+03
1.200786241937587874e+03
1.099224168302816906e+03
1.206505868505893204e+03
1.131147426043301493e+03
1.106448180803683272e+03
1.168026604220402305e+03
1.118238124059076426e+03
1.070496797540262833e+03
1.178510624880024807e+03
1.058279907933343111e+03
1.042668702006912326e+03
1.039719263452037012e+03
1.126037001335950890e+03
1.092337894236501370e+03
1.094962968668238318e+03
1.028927028931788982e+03
1.036386955794252572e+03
1.126666655910601094e+03
1.001313117024315261e+03
1.056561356366551763e+03
1.057746226885547685e+03
9.958841993374289814e+02
1.021581555140613091e+03
9.613315384622356987e+02
9.524373264054288484e+02
9.472273838431189006e+02
9.604574879142634245e+02
9.215012864950197127e+02
9.088365066984400755e+02
9.053939497412377477e+02
9.342374487645624868e+02
8.960815250435808821e+02
8.857606861182247258e+02
9.468802219113968022e+02
9.315939698893381546e+02
9.630563194489558327e+02
9.004096831667504830e+02
8.892252456137549643e+02
9.005282407762144885e+02
8.639501501327304140e+02
8.227444903255617419e+02
8.614840478823776948e+02
8.144448930783572678e+02
8.326976288105357753e+02
8.617115277909766746e+02
8.075070872851561035e+02
8.035037658447753302e+02
8.090542624385691397e+02
8.257788555237378887e+02
8.341664577752310379e+02
8.225152171259985607e+02
8.157657263286149600e+02
7.820802758704543294e+02
8.008738094045081652e+02
8.022827213739540184e+02
7.647981899412784514e+02
7.561433163230083210e+02
7.837524469508940683e+02
7.768297285185755072e+02
7.470869693273958774e+02
7.408433038040367364e+02
7.703068229329159067e+02
7.657140673829242132e+02
7.523916291347677543e+02
7.548709724269108392e+02
7.923581515076663209e+02
7.667621202716388780e+02
7.428838561139048124e+02
7.745391736041957529e+02
7.510497989622663226e+02
7.437613367940888338e+02
7.487343897351893247e+02
6.832625162323961376e+02
7.341327782883099644e+02
7.591107355755610797e+02
7.437947566981804357e+02
6.996482122948530105e+02
7.065744599146482869e+02
7.110233999644879077e+02
6.977099847709013147e+02
7.110252818954263603e+02
7.342041423757509619e+02
6.984916770306728040e+02
7.256501128629605546e+02
7.075252390272889897e+02
7.005379200615370792e+02
6.740677339808972874e+02
6.779697636848192133e+02
7.404744691474732008e+02
6.909572032867392863e+02
6.932056087550889742e+02
6.842179107933473006e+02
6.974707863333109117e+02
6.680567970292003110e+02
7.014706335158356296e+02
6.694279888478507701e+02
7.181773420924996572e+02
6.688002077350367927e+02
7.079313126655066526e+02
6.651353117075723276e+02
6.993003410561813098e+02
7.024469807185789705e+02
6.780228804132389087e+02
6.518523928617919410e+02
6.685363012966533915e+02
6.362009479258319971e+02
6.824464616148289906e+02
6.818862948062778742e+02
6.628981550289174720e+02
6.563920147041029622e+02
6.947229741654325608e+02
7.193557730609521741e+02
6.853648113531878607e+02
7.092212377206458314e+02
7.177645007794079675e+02
7.320295410324395107e+02
6.658563852473390625e+02
7.024240729359304396e+02
6.696618365681172236e+02
6.903132295014503370e+02
6.963256608589318830e+02
6.918523304927398385e+02
6.803599195929047028e+02
7.368595482828426384e+02
7.141060375184653140e+02
6.653185619440444043e+02
7.147469791498725726e+02
7.114521058345128495e+02
6.971867091719589098e+02
6.972409561862378951e+02
6.918653231636972123e+02
7.475285031678204177e+02
6.960511391149954079e+02
7.157615729726844620e+02
7.069923305306559769e+02
7.167249143519086374e+02
6.816840718254543390e+02
6.843658072321560439e+02
7.256697679848675762e+02
6.928730048338346705e+02
6.976770775744045068e+02
7.161535173203806153e+02
6.789203818618769901e+02
7.199789825184531082e+02
6.939991943534886332e+02
7.157215201249663323e+02
7.189723324238015039e+02
7.069960081736470556e+02
7.317628470603773394e+02
7.610133858011389520e+02
7.171012705908564158e+02
7.248491038116516165e+02
7.043725249944309326e+02
6.986458537092867118e+02
7.300268509122461182e+02
7.204403636858127129e+02
7.057414267591658472e+02
7.393048389732967962e+02
7.470770700689050727e+02
7.175285333820323785e+02
7.620440878363718866e+02
8.051955826772116325e+02
7.415589463327183921e+02
7.036133970699855809e+02
7.459853720764982654e+02
7.222674108098156012e+02
7.645804180744838732e+02
7.522258102111429707e+02
7.508199355334481879e+02
7.762999819563594883e+02
7.541190428669423227e+02
7.276488813574052301e+02
7.312501367424220007e+02
7.422601347526496056e+02
7.805812546675737167e+02
7.225583213067586712e+02
7.459958323899683137e+02
7.504912909718985929e+02
7.514425373495548683e+02
7.096988538683648358e+02
7.575484795465987418e+02
7.480781118222835175e+02
7.766921104791558719e+02
7.762156275613345997e+02
7.242722094148234646e+02
7.780545125607159207e+02
7.575755370499831542e+02
7.369163428939069718e+02
7.761024769850583880e+02
7.235591099640500943e+02
7.211394671650817827e+02
7.306709956411747271e+02
7.664828552798990131e+02
7.364111736709327261e+02
7.076407109995933524e+02
7.239075800363974622e+02
7.631041095506421925e+02
7.880230771748299503e+02
7.241035828958200682e+02
7.068454285699343700e+02
7.578560790635624471e+02
7.614951613580891490e+02
7.790821546946046965e+02
7.405810803957817825e+02
7.597656385938259973e+02
7.362759915806857407e+02
7.551827406639267792e+02
7.973492635965797035e+02
7.580764873518947979e+02
7.791839945960042542e+02
7.731808808595041000e+02
7.579402415262701425e+02
7.216268149211493892e+02
7.179560552885425295e+02
7.524960913070580091e+02
7.383038045212406359e+02
7.845310509884150179e+02
7.301087591393389857e+02
7.647581304330201419e+02
7.170402649153255652e+02
7.626685492053885582e+02
7.815174378610203121e+02
7.212436240340234690e+02
6.984445556028640567e+02
7.321163864501263561e+02
7.357249594686707042e+02
6.891677750724060161e+02
7.280112502514413109e+02
7.415681633190756656e+02
7.007142396044483803e+02
7.457571351437396743e+02
7.581831206799849951e+02
7.391036697073409414e+02
7.391906542253209409e+02
7.033425441829023157e+02
7.036913987554751202e+02
7.283541279284769416e+02
7.001372928863158904e+02
7.035587296851780366e+02
7.173936389752307150e+02
6.790175760324201519e+02
6.546963057439403428e+02
7.130952221069023835e+02
7.259170892315421497e+02
7.047388596395794593e+02
7.261406086500048787e+02
6.810527719469290560e+02
6.714966717295229728e+02
7.020488202113398302e+02
6.639572425869806693e+02
6.761749507129353560e+02
6.649125878880751088e+02
6.716846662829411798e+02
6.638374238388274762e+02
6.572664490925752716e+02
6.571256421530789567e+02
6.672926997032186591e+02
6.588789190146351302e+02
6.157018282473211457e+02
6.444269512974814234e+02
6.504682224087463283e+02
6.466846520081238623e+02
6.206625680151295228e+02
6.459280121934477847e+02
6.160132754992164337e+02
6.215545251256534129e+02
6.412181102604245098e+02
5.718276723408027920e+02
6.344996111509628918e+02
6.222737323335048814e+02
6.201081366714072374e+02
6.129974420980115610e+02
6.013739231844112965e+02
6.138775575887108289e+02
5.924007390733551119e+02
5.973965456096193520e+02
6.361091288498511176e+02
6.041031623007097551e+02
5.972156581179013983e+02
6.068203765046865783e+02
5.831260998973156120e+02
5.872556261466137357e+02
5.850218382945161011e+02
5.888869518204840006e+02
5.431705452999833597e+02
5.497054974252801003e+02
6.085752647521004519e+02
5.894419108304823567e+02
5.656476619139608601e+02
5.819838018591430000e+02
5.732172840461687429e+02
5.215250275805374258e+02
5.792941389596137469e+02
5.568142038379888845e+02
5.682834451207530719e+02
5.373399118593697494e+02
5.242450187014126186e+02
5.369562898711843673e+02
5.543425881595295550e+02
5.307058410755887508e+02
4.933870718816705789e+02
5.302416562397349935e+02
5.256732443399314434e+02
5.000539667026690154e+02
5.207874265645593823e+02
5.297107357594211408e+02
5.259403601501628600e+02
4.968840765926161680e+02
5.118180507996195274e+02
5.015316495016369913e+02
4.865375588493708392e+02
4.948839371813847379e+02
4.992233187537214008e+02
4.814679241395135136e+02
4.948478387497747804e+02
4.866785967267287560e+02
4.880193139018016382e+02
5.331595125930651875e+02
4.716569811100781635e+02
5.084106762777529980e+02
4.852210321014873102e+02
4.633594087020916277e+02
4.655804175318349394e+02
4.674434680611038289e+02
4.489809844417820841e+02
4.458105434890283050e+02
4.529029995633250110e+02
4.445390239830489918e+02
4.454325615723687406e+02
4.359233559588901699e+02
4.572900573079824085e+02
4.482954692226125530e+02
4.352634167381530119e+02
4.423366392126127380e+02
4.407710094341414333e+02
4.423561719769841716e+02
4.360781426505973286e+02
4.184766270667040544e+02
4.321588796401042032e+02
4.192462077884791256e+02
4.228340851226947166e+02
4.153971311812479712e+02
4.283672197387951428e+02
4.152622355297133936e+02
4.236760712511222664e+02
4.145820605388990430e+02
4.237812927213650482e+02
4.178669736789368017e+02
4.072475038015428481e+02
4.215020317265728522e+02
3.939430903166284565e+02
3.808507034744821453e+02
4.029332115294845380e+02
4.170322028033894526e+02
3.848261641189938587e+02
3.845172878750823884e+02
3.929042172367446142e+02
3.985245969811122677e+02
4.138499381081787192e+02
3.873516238169722783e+02
3.829381049074112866e+02
3.930972563958146111e+02
3.731563238907361324e+02
3.984438582969943923e+02
3.916174799605098542e+02
3.929093049128250641e+02
3.939315420226275819e+02
3.827880936645159977e+02
3.998265440435502001e+02
3.894786585542020703e+02
3.735784364507272244e+02
3.756370795925753896e+02
3.887239958316743014e+02
3.904248588163404747e+02
3.697034012496512219e+02
3.716410307826304233e+02
3.754755231942973523e+02
3.875436290752430182e+02
3.684530888757099092e+02
3.662679752153876507e+02
3.632826084737019983e+02
3.698594156311281154e+02
3.568164480796477278e+02
3.808263317767980425e+02
3.907030338972114691e+02
3.875844606057660258e+02
3.594133185630207095e+02
3.739616172940980618e+02
3.626381672156931018e+02
3.689483332008503567e+02
3.526529652412986593e+02
3.701653676368375159e+02
3.579729248831959580e+02
3.617684705603916768e+02
3.572897830984769030e+02
3.553827984697603597e+02
3.452160574031800024e+02
3.742291591897629814e+02
3.519720810470105334e+02
3.629048451704210265e+02
3.763175515325613674e+02
3.781653626004099920e+02
3.685398051135113633e+02
3.569050113652970140e+02
3.649550717299906637e+02
3.699179083610941348e+02
3.733250827884706382e+02
3.780739991949662340e+02
3.616841476779848676e+02
3.536799747852224982e+02
3.641841223640304293e+02
3.610129625453052995e+02
3.509588098299832950e+02
3.581700706800475018e+02
3.599594889380219911e+02
3.684728577376762360e+02
3.573062940384551780e+02
3.669669465276402320e+02
3.704264305927007968e+02
3.636009882688489938e+02
3.490802306045399632e+02
3.872945376532158548e+02
3.651031181218169763e+02
3.597945825016050776e+02
3.707647578367517553e+02
3.570843202135567935e+02
3.646499352134074456e+02
3.808914279760945760e+02
3.785260980666125192e+02
3.587163404524482075e+02
3.683172356253580233e+02
3.601806374541533273e+02
3.598497984188201713e+02
3.712174518018412641e+02
3.696204224533672118e+02
3.632786165462126746e+02
3.679621467739527247e+02
3.690802223161070401e+02
3.694362555558716963e+02
3.683418732069706039e+02
3.593004000679687806e+02
3.814064075809139354e+02
3.558318745846378306e+02
3.845295485364417232e+02
3.631130595125873697e+02
3.711558010292301901e+02
3.776046123035785058e+02
3.762949569654758761e+02
3.908018486644909331e+02
3.700474615295967169e+02
3.644376418399763793e+02
3.877132880617349429e+02
3.782652109167955814e+02
3.670090893540818229e+02
4.000316377169443740e+02
3.604479524332370488e+02
3.775805318962325146e+02
3.722210435890566487e+02
3.605714545647031741e+02
3.741926961698869150e+02
3.753478512196265910e+02
3.629817975039507587e+02
3.734086834412979101e+02
3.966060230928063675e+02
3.692367520334014444e+02
3.860936120468055037e+02
3.688239616467189990e+02
3.859661070279394153e+02
3.568938185511270262e+02
3.582175319666717428e+02
3.750183354043307418e+02
3.904355158524974172e+02
3.856045842485230537e+02
3.894845459160134737e+02
3.861812066753543604e+02
3.767019845810670517e+02
3.830297120396640480e+02
3.646352858915993806e+02
3.757707629838943149e+02
3.665433313645733051e+02
3.757074287000843356e+02
3.824968513748073065e+02
3.762607117724103887e+02
3.770327488478303621e+02
3.840793764375783326e+02
3.583296464544366700e+02
3.943864140471814608e+02
3.684729854824670383e+02
3.665160587338822324e+02
3.875160142320111731e+02
3.620711090167602606e+02
3.894107177909259576e+02
3.748182194743217792e+02
3.825901008856844783e+02
3.842630167850044245e+02
3.754980181628895366e+02
3.523098092954113554e+02
3.902133207554475689e+02
3.749472642044366921e+02
3.703986706569148168e+02
3.791037475573631923e+02
3.817672137034314233e+02
3.771208793413323974e+02
3.742576800450862606e+02
3.685009233840874572e+02
3.716362103611198222e+02
3.714726712012856069e+02
3.677928854124485838e+02
3.587417816231816232e+02
3.630955253469467152e+02
3.640675907452906586e+02
3.670546532298764646e+02
3.856338285490338080e+02
3.681355699185445474e+02
3.641202771590878911e+02
3.725127873592987839e+02
3.629570499688815062e+02
3.596665327169851025e+02
3.719650714098943354e+02
3.757763029410052127e+02
3.650155734797520495e+02
3.620792505948137432e+02
3.543419624277922253e+02
3.647873541738602512e+02
3.484634813605259751e+02
3.452778033547290306e+02
3.445875552229966843e+02
3.497392568856715229e+02
3.490675763317253768e+02
3.612908222773141915e+02
3.516356509264305146e+02
3.507131538066821008e+02
3.454332254362404910e+02
3.305750121783742657e+02
3.372944929105456708e+02
3.513202217699491712e+02
3.279614964562367732e+02
3.445315122591636054e+02
3.540394261592828116e+02
3.482992906904715937e+02
3.336556324107631895e+02
3.319391233225616133e+02
3.633233913933941039e+02
3.441052733728072894e+02
3.363401823342190369e+02
3.294927996167076003e+02
3.504675142689701488e+02
3.271583291927021833e+02
3.335934493809746186e+02
3.223325082852430796e+02
3.286833589535723377e+02
3.283340195699988726e+02
3.197279229612541371e+02
3.246406441653250567e+02
3.067755479542319108e+02
3.391741725165566663e+02
3.150331272934348590e+02
3.048538193806972458e+02
3.216603317774201400e+02
2.982841378638396463e+02
3.171816851222571358e+02
3.044099508431033883e+02
3.077849385257524091e+02
3.085369798623136148e+02
3.119820344162587844e+02
3.033229289935978841e+02
3.036082383266620468e+02
3.015599457522361604e+02
2.947422106905272017e+02
3.085628672893909652e+02
3.052578421562595850e+02
2.936961279200330068e+02
2.942882484694142704e+02
3.007704041833878250e+02
2.805362549810276960e+02
2.937821903525174321e+02
2.995184746137141474e+02
2.741577588395249450e+02
2.987313228773140281e+02
2.765717842373014719e+02
2.952818747748415831e+02
2.683597257729196031e+02
2.815281216375416307e+02
2.678124642196055447e+02
2.833699625068456385e+02
2.858314501742719358e+02
2.655380561001203432e+02
2.598130292605989666e+02
2.752480405632340990e+02
2.835428008232689194e+02
2.630468898757054603e+02
2.659741608995150841e+02
2.597229088648695665e+02
2.491560330296503594e+02
2.568894572655148067e+02
2.512134031248817507e+02
2.537620257772818775e+02
2.532087083170793846e+02
2.553636009462666152e+02
2.432002523664856142e+02
2.585769536120649263e+02
2.441947167845390254e+02
2.492889655250993997e+02
2.488802451883111360e+02
2.394851060018129090e+02
2.394915892573303893e+02
2.325589084002633626e+02
2.457258724004950921e+02
2.366631549749508849e+02
2.289310806453233909e+02
2.447370185413125512e+02
2.349307641696624955e+02
2.322940871184348453e+02
2.370547716283811042e+02
2.469156855984963101e+02
2.302147100448551669e+02
2.241171316847712944e+02
2.318557603740136130e+02
2.285786811866502148e+02
2.272066122771410619e+02
2.274570438366590963e+02
2.170010604207677147e+02
2.194669523059611151e+02
2.191704049130892145e+02
2.203970220247989573e+02
2.128114811278407217e+02
2.166557363333566570e+02
2.082116868314365377e+02
2.030187352764913271e+02
2.101277816738376885e+02
2.167712616736081657e+02
2.028560361591780747e+02
2.022856969211878209e+02
1.911632203625770785e+02
2.065440311897456809e+02
2.029389049926419659e+02
1.940545717488547268e+02
1.886266421787383933e+02
1.946728169813504508e+02
1.974219451746803884e+02
1.901293058462751446e+02
1.886198092626163145e+02
1.938079795148353242e+02
1.867213575156460763e+02
1.947176441641944109e+02
1.859383664795470281e+02
1.819154161304927584e+02
1.890177995313401311e+02
1.860264862107688941e+02
1.808883581804815606e+02
1.837948067433511028e+02
1.866179502503002823e+02
1.866343633531533612e+02
1.802981826376025936e+02
1.778634657645289678e+02
1.793753726985357275e+02
1.731562506380170987e+02
1.756729534360345895e+02
1.823784984076795297e+02
1.688358233539903210e+02
1.707123288908055372e+02
1.691863571002373590e+02
1.714803026748054435e+02
1.660887061854100182e+02
1.726130640678992734e+02
1.682800501011365100e+02
1.682528935594797872e+02
1.652682822787055272e+02
1.632200413048524865e+02
1.628603356848384180e+02
1.600418699953935686e+02
1.531035556108280389e+02
1.602074900514193132e+02
1.602363498685966476e+02
1.624522929432765181e+02
1.587106547597186363e+02
1.565016171008699928e+02
1.536190621778843024e+02
1.530529947589299127e+02
1.552967878857923552e+02
1.521890163697867422e+02
1.495729302757451080e+02
1.534813142702447237e+02
1.487565852956440153e+02
1.534432866222293228e+02
1.465349458706495511e+02
1.465513312844783229e+02
1.488271066240976381e+02
1.486106284759822529e+02
1.482785161582361582e+02
1.559261717129236615e+02
1.482161966075066175e+02
1.501239317792873464e+02
1.546822199075944582e+02
1.530065670781816607e+02
1.423391871851501378e+02
1.444722747557818536e+02
1.440422623081569782e+02
1.387944674152895459e+02
1.503545272664533456e+02
1.481088159588244650e+02
1.493743141977388120e+02
1.442129778117073045e+02
1.439012622667994492e+02
1.415970966582719655e+02
1.411016480561501396e+02
1.426372326101200940e+02
1.421261829004710080e+02
1.411611848148242530e+02
1.337880167947433563e+02
1.350131209010655482e+02
1.392998430956758398e+02
1.360036852698104042e+02
1.384518194441682795e+02
1.364547521321014187e+02
1.415943806714578841e+02
1.358603097260182437e+02
1.392264781060513599e+02
1.321206602116649265e+02
1.349452849254663249e+02
1.386551154928998528e+02
1.375689767746708014e+02
1.408227717104556405e+02
1.341045056772148598e+02
1.262102669346408703e+02
1.285293925979911762e+02
1.369700513056714328e+02
1.327955916441759996e+02
1.357454839818536527e+02
1.276628629716712027e+02
1.369915495459287911e+02
1.338925874302047987e+02
1.380621681399013312e+02
1.318775199491216767e+02
1.329851584544784657e+02
1.295230426356678493e+02
1.324564048681480699e+02
1.325938788100690147e+02
1.380647936557507194e+02
1.328269752583892966e+02
1.265504504666446479e+02
1.346426344994935107e+02
1.380591713903666857e+02
1.335317538947284106e+02
1.390027588210692784e+02
1.324803033882994043e+02
1.349985928248530058e+02
1.258200860020634053e+02
1.283947436358053267e+02
1.304074164751524734e+02
1.341095210631871169e+02
1.319324070457691391e+02
1.283373586418877323e+02
1.294269818876408067e+02
1.293428040960081660e+02
1.317772985957551555e+02
1.336590990220524588e+02
1.241982399351248461e+02
1.281661535293559666e+02
1.309236201179059549e+02
1.302927689298787186e+02
1.276223868900611933e+02
1.285792888643254344e+02
1.283171211252476951e+02
1.288552513637399670e+02
1.336010002403793635e+02
1.333817888627976345e+02
1.320407861287629885e+02
1.323903535788778072e+02
1.274601491846391070e+02
1.300512029591764929e+02
1.309640365771863628e+02
1.287844586318299775e+02
1.352843284168608307e+02
1.310159903032829902e+02
1.301825166528236082e+02
1.314361005909144922e+02
1.312287710613010745e+02
1.299744345459272381e+02
1.230935528897294660e+02
1.353273692471765912e+02
1.351437469716523196e+02
1.282435838572138778e+02
1.280292244228681682e+02
1.271877820176979412e+02
1.314282134441538119e+02
1.307127503677858158e+02
1.293510383492923097e+02
1.311383891610015553e+02
1.250871686516809120e+02
1.288315174413999102e+02
1.284012473733621107e+02
1.316171881511669994e+02
1.225189606314627042e+02
1.257233956097342400e+02
1.236768554077332567e+02
1.254470756647622522e+02
1.213180579654434155e+02
1.250506726584547295e+02
1.273677701927150281e+02
1.279713483173361226e+02
1.311077456776664292e+02
1.250025103374257185e+02
1.243320972506492836e+02
1.277383503112680927e+02
1.254074130827666238e+02
1.238370198080952633e+02
1.233655894969028566e+02
1.233074756875775648e+02
1.252276942482266406e+02
1.203691902536982496e+02
1.278494030301219055e+02
1.234428211254785595e+02
1.228185503919425514e+02
1.234180140058092121e+02
1.234156439824556486e+02
1.266175108495569930e+02
1.234299221867799332e+02
1.222712079279691721e+02
1.266364189564313989e+02
1.241362735122708187e+02
1.237359049735258480e+02
1.195900621062307039e+02
1.206311280353329352e+02
1.169849795797840244e+02
1.233725744414016674e+02
1.229941030858946505e+02
1.271579578031558242e+02
1.209884542232605185e+02
1.126398998540445575e+02
1.166317542751661591e+02
1.210177137845226554e+02
1.147554302015915937e+02
1.148549200622565536e+02
1.208782266330743198e+02
1.197277704181882427e+02
1.172985003996556941e+02
1.095099427006796731e+02
1.160471568540855287e+02
1.163620010217314444e+02
1.157273848149298772e+02
1.204384963182861412e+02
1.155671183137455671e+02
1.191635446003409129e+02
1.153359928542201374e+02
1.167086270985897301e+02
1.189218830613982050e+02
1.151684423735745781e+02
1.172974725853876237e+02
1.111103737206826594e+02
1.111143212819010131e+02
1.149068401728280833e+02
1.145390250600683117e+02
1.117999580778218700e+02
1.112968408052005032e+02
1.134313057923423429e+02
1.105271353579175724e+02
1.153013360885642413e+02
1.124706337437872889e+02
1.106493968043080116e+02
1.142515207382968043e+02
1.085229404822033246e+02
1.101869337157159094e+02
1.075292584324450758e+02
1.073863579532007861e+02
1.067305230707885073e+02
1.070100739885240557e+02
1.082913240913327115e+02
1.072370888587798134e+02
1.059592915971515339e+02
1.036612853423524570e+02
1.018295078696752967e+02
1.042173705484415507e+02
9.865320081404385633e+01
1.004566069560268033e+02
1.043444345026728115e+02
9.752428190614483583e+01
1.016991450625167204e+02
9.850687870691670867e+01
1.037449949805812537e+02
1.003713150461963011e+02
9.934995002296832922e+01
9.650191013285639485e+01
1.003781138938580852e+02
9.310927241322275449e+01
9.745353246017026549e+01
9.678259833946529511e+01
9.918365040295032031e+01
1.016678929682398973e+02
9.849243530442977601e+01
9.706114897070926872e+01
9.330594574459897217e+01
9.526144520419519779e+01
9.670690042161650979e+01
9.460439222332557563e+01
9.392781450995687464e+01
9.326677308214878792e+01
8.915784240755145618e+01
9.027695806335837858e+01
9.527701287793344420e+01
9.028459533481870380e+01
9.118184717094683833e+01
8.876020771713143631e+01
8.670918287592122908e+01
9.253997054521005339e+01
9.003269322896417748e+01
9.103172075351318426e+01
8.508435718203713805e+01
8.710531319268109485e+01
8.860741652541710778e+01
9.001980341827697885e+01
9.046162253472252246e+01
8.779118077105070483e+01
8.498411987359777697e+01
8.698927531615460396e+01
8.271062046512626864e+01
8.545504074765699443e+01
8.419963262318877639e+01
8.101895010345012338e+01
8.093040366293570287e+01
7.943586727325880759e+01
8.378746497487041722e+01
8.324449436514160539e+01
8.442630614985847615e+01
8.322771916028182204e+01
8.180022829913453108e+01
8.414634967521908493e+01
8.230031820130433573e+01
7.870948273087634561e+01
7.677160797423486827e+01
7.800631578962527612e+01
7.946789355590379955e+01
7.552128713558619211e+01
7.710960848437521520e+01
7.704646335539212032e+01
7.920261506632195392e+01
7.642991781031680887e+01
7.510070967114619123e+01
7.601992236563752670e+01
7.554723677363791978e+01
7.177921994572106712e+01
7.454001783792075742e+01
7.552084874401253956e+01
7.243279784385408959e+01
6.981558984717780447e+01
7.041618492113798311e+01
7.192701705970323189e+01
7.540949553778260395e+01
6.761659301091648899e+01
6.842934889370695828e+01
7.005187688308414806e+01
7.438111241187273492e+01
6.867685587223338928e+01
6.945282928315729976e+01
6.819694935081692222e+01
7.139548788008011115e+01
7.042695137892872026e+01
6.995959673856920347e+01
6.869848713361356829e+01
6.878580273793984645e+01
6.975769707259556185e+01
6.592732755176716353e+01
6.908280405040177641e+01
6.709277548932273305e+01
6.565200658187055183e+01
6.699574537050379774e+01
6.417466461817384982e+01
6.569125769869410192e+01
6.379733830114608395e+01
6.649286951729682471e+01
6.352727422554044523e+01
6.635865820481899391e+01
6.321929633488352351e+01
6.419328844499335673e+01
6.579049017799067656e+01
6.087549085863598464e+01
6.417980889457595595e+01
6.503376602502486037e+01
6.386796466883347989e+01
6.015844889194823963e+01
6.267840017223715421e+01
6.104199003757842235e+01
6.219274435788301503e+01
5.891501155705025639e+01
6.218258303428742551e+01
5.955471587824825974e+01
6.035623750004004506e+01
5.937655350555614575e+01
5.938924225530723788e+01
6.069422446097358659e+01
5.933113715721250259e+01
5.852864153841973405e+01
6.047033204576737830e+01
5.744338301854656947e+01
5.852287386943727654e+01
5.796357501223578623e+01
5.745988682174937878e+01
5.536783378828884139e+01
5.744285592300305865e+01
5.790696051774111197e+01
5.812154645015790067e+01
5.475636639223847624e+01
5.508345600281383270e+01
5.461018954623263966e+01
5.515583613139344976e+01
5.489103204914194123e+01
5.771322858861972094e+01
5.590081964415630011e+01
5.876215836555700633e+01
5.451124622565781408e+01
5.692791283767136434e+01
5.469848854738997801e+01
5.323113074071655859e+01
5.601397491276652829e+01
5.342953776606466931e+01
5.623742520113900412e+01
5.300695592407554102e+01
5.469182515889571050e+01
5.334378846022465126e+01
5.441849605741720097e+01
5.759921700074019668e+01
5.489286530679441967e+01
5.253345441240970359e+01
5.367949760387333669e+01
5.374231363297851516e+01
5.046129532912869564e+01
5.158829574361529779e+01
5.421383964493199414e+01
5.340150817923142057e+01
5.397065025202385868e+01
5.273858624848697474e+01
5.212473778364807231e+01
5.296151000800538355e+01
5.126765013830327433e+01
5.381053602080910991e+01
5.377141141601897090e+01
5.503716906876070425e+01
5.241707925094269171e+01
5.188283340937900334e+01
5.090594188198013370e+01
5.134864640784923040e+01
5.192882267118064021e+01
5.350532934393021378e+01
5.198031719933967310e+01
5.166643750998431273e+01
5.166811391455499347e+01
5.249159349496040505e+01
5.233799987103210327e+01
5.233205452786121015e+01
5.305840255920625026e+01
5.079442207641469764e+01
5.228330076985341890e+01
5.024676578735800092e+01
5.092853063973691263e+01
5.214599897223698832e+01
4.988691206882194251e+01
5.014296799062676513e+01
4.908746573543401581e+01
4.951982206083497573e+01
5.031691024031816539e+01
4.751769967637157066e+01
5.099880944972647967e+01
4.965694552692015407e+01
4.887102137471532615e+01
5.112916128355838197e+01
4.943447302283284728e+01
5.150689809148416742e+01
4.810982101272604439e+01
5.118034462508093441e+01
5.074801972138898520e+01
4.938194642177400340e+01
4.795566246989866244e+01
4.982918329544640557e+01
5.326259840930586620e+01
4.884367343940972006e+01
4.899541215569054486e+01
5.055814314840301193e+01
4.915906879438805532e+01
4.904229088615792875e+01
4.726323476994509321e+01
4.879955714655542920e+01
4.762078889463526821e+01
4.835912708725408038e+01
4.900444051357056452e+01
4.986805280393402029e+01
4.959492619014569215e+01
4.955726485370565371e+01
4.854187815931983607e+01
4.875093351578794199e+01
4.984361300396204797e+01
4.862913868402862505e+01
4.838263149303119093e+01
4.657128255976437003e+01
4.724060981278952198e+01
4.824447642709305484e+01
4.598264690647172870e+01
4.805482447195966245e+01
4.941551049368286641e+01
4.718414540621922981e+01
4.673683561015631227e+01
4.560273900474055608e+01
4.779898881513232567e+01
4.633785816256526147e+01
4.826465677299788126e+01
4.680957273042226774e+01
4.718418721270352023e+01
4.642001119412317678e+01
4.667091011438833448e+01
4.852610311140131927e+01
4.785403464791057360e+01
4.641622750895955107e+01
4.654464462059996777e+01
4.703522377090733642e+01
4.620274989473725924e+01
4.622808384582021546e+01
4.557375508657376173e+01
4.656254663168441965e+01
4.508264159812382843e+01
4.500359536137514738e+01
4.550677948830781361e+01
4.466881699322747323e+01
4.458071941633104984e+01
4.651525001887618771e+01
4.310798136138807735e+01
4.433824812566589202e+01
4.716382186409155963e+01
4.411010925564452378e+01
4.466256597416385432e+01
4.536416788414938139e+01
4.229158631313412542e+01
4.611153726787168239e+01
4.398323635836898404e+01
4.243680503891619082e+01
4.344929155019642053e+01
4.695819944860241435e+01
4.573747664923934764e+01
4.282633616284053346e+01
4.392758018898376093e+01
4.370604679988679209e+01
4.338876327639895436e+01
4.353004536571322802e+01
4.332716967660403640e+01
4.351668709611103480e+01
4.344663069779372933e+01
4.442646989488490306e+01
4.266388361060892720e+01
4.465091460425151126e+01
4.299622955903895161e+01
4.123926422443210527e+01
4.254524412834906855e+01
4.287278802546629208e+01
4.281364028128321308e+01
4.060971385989360982e+01
4.194582572942366028e+01
4.091289201766187489e+01
4.053092909568604085e+01
3.983308735343083384e+01
4.047109773704254110e+01
3.986126506967381289e+01
3.955430755260038467e+01
3.861487816339590751e+01
3.948334566577859306e+01
4.055157613022507235e+01
4.103028408949323591e+01
3.932266307567741137e+01
3.849773302257436569e+01
4.013064566022161728e+01
4.006485996409194428e+01
4.032832218664217550e+01
3.895098260063629425e+01
3.830168354668583675e+01
4.033477912216939387e+01
3.775174419844666573e+01
3.765378439603417604e+01
3.933426718269365807e+01
3.980318590349170194e+01
3.713204273002354938e+01
3.853137112408939657e+01
3.681333314407023494e+01
3.612510029045506599e+01
3.633084716209331333e+01
3.719849340427671791e+01
3.566509264696825454e+01
3.593326254511141116e+01
3.673044648644302868e+01
3.530987165075745082e+01
3.688959139603192483e+01
3.497072119204914031e+01
3.529577521408261731e+01
3.636240320180219499e+01
3.490919121152249005e+01
3.556759002901858935e+01
3.546509831822507408e+01
3.448584291301941107e+01
3.524054118845012340e+01
3.529038704346307753e+01
3.528425363534508108e+01
3.534491161413959759e+01
3.436192259276554495e+01
3.318190536900181797e+01
3.314307468936972612e+01
3.318146636201574040e+01
3.380132961828915938e+01
3.410322040104391306e+01
3.321066708677042811e+01
3.132229471851279712e+01
3.095029468740629852e+01
3.279318527722802656e+01
3.326293182438845264e+01
3.221773997188789451e+01
3.101247869474954300e+01
3.200969255396878310e+01
3.201748155136353802e+01
3.069782248397145707e+01
3.125095437506151441e+01
3.085458640611635772e+01
3.060975200134293317e+01
3.093937065691677191e+01
3.010801031407208583e+01
3.022464319656022624e+01
2.967453883715339913e+01
3.072030917631066771e+01
2.938819628720472821e+01
2.937647030376891877e+01
3.080488964995268830e+01
2.882811064324316064e+01
2.922374629532602341e+01
2.974196450846777040e+01
2.850322541719392788e+01
2.835545406764940068e+01
2.916427822550502569e+01
2.881689896278140139e+01
2.878663075555648732e+01
2.788708739415764271e+01
2.899677219512535586e+01
2.783781342347181109e+01
2.666068252287466578e+01
2.684162336744428501e+01
2.771394610816852833e+01
2.727291222442873320e+01
2.694110733648080469e+01
2.653480973046436020e+01
2.786094245650370027e+01
2.578741374578675760e+01
2.651949075151683033e+01
2.562017090588742363e+01
2.660261851717736548e+01
2.541370686129908307e+01
2.525777320966149730e+01
2.581272154641736449e+01
2.554835222251145055e+01
2.575419135574624363e+01
2.557461764535379345e+01
2.439478021158297949e+01
2.538267975024677625e+01
2.467874646941323391e+01
2.410493049931465492e+01
2.424792019109114349e+01
2.431165817669019091e+01
2.434729053521039432e+01
2.456983357089691467e+01
2.470055139159322266e+01
2.429263350294592172e+01
2.378705572711814042e+01
2.388231933761454329e+01
2.315062766748682677e+01
2.339053765904603210e+01
2.318361442344982493e+01
2.369321995777339396e+01
2.328217192998693008e+01
2.193600126123829952e+01
2.223935316244975624e+01
2.214249062989719619e+01
2.248224063793812277e+01
2.251506356526077468e+01
2.168145207772042227e+01
2.278935505360227154e+01
2.158224044189129032e+01
2.172791694288742548e+01
2.196275326744737910e+01
2.096917355331308386e+01
2.152542589764242464e+01
2.045055633882510904e+01
2.048465230760055533e+01
2.185377756403629945e+01
2.148885650438653627e+01
2.053682020131276076e+01
2.095393714501535243e+01
2.093951107720947391e+01
2.079803538376098260e+01
2.046274346308459613e+01
2.046803084702646913e+01
2.075630480027673386e+01
2.071753592590320281e+01
2.011144907982269103e+01
1.935245809614965040e+01
2.035537534336139487e+01
2.033584669692629987e+01
1.979872646978252959e+01
1.997505545128795390e+01
1.946443389891240017e+01
1.953659854965633969e+01
1.990541231650490772e+01
1.928023101786609317e+01
1.884938998190752812e+01
1.846001529579881151e+01
1.927506303956937472e+01
1.933747398929884298e+01
1.895130265058990915e+01
1.832492888272310338e+01
1.855710535349131263e+01
1.835214387419547677e+01
1.857301028126650522e+01
1.801631649703850613e+01
1.798435931763167162e+01
1.840720917125425871e+01
1.887848417761129483e+01
1.791942115193382534e+01
1.791732255944101126e+01
1.847421286350228797e+01
1.778842470425044198e+01
1.770242868215326837e+01
1.765264381254394976e+01
1.750589336607593083e+01
1.744295806555971851e+01
1.702874972972846024e+01
1.785790247982085077e+01
1.829233101689781549e+01
1.721135736770162339e+01
1.740457545966527420e+01
1.653533480362537134e+01
1.704663150388866200e+01
1.752190995892409475e+01
1.752657753786968442e+01
1.747121864110881262e+01
1.607654363056199642e+01
1.714821116258353939e+01
1.653003031225071240e+01
1.683190010420065263e+01
1.701335668044688632e+01
1.633760819002814557e+01
1.672806222412704358e+01
1.682100229909150357e+01
1.650872623984162146e+01
1.649430982044736993e+01
1.652975668114470764e+01
1.592329255848370018e+01
1.649958245703426130e+01
1.599165168778601220e+01
1.671018789485975020e+01
1.623520650147026245e+01
1.578178824829642046e+01
1.656066459835606608e+01
1.528515452253004447e+01
1.637747302505595570e+01
1.580272694420600210e+01
1.585305925555214301e+01
1.553625715557342524e+01
1.580980877545792573e+01
1.604555049315885640e+01
1.579214509288840418e+01
1.537799765666603946e+01
1.569379016130001148e+01
1.611402034153588758e+01
1.533233341802712424e+01
1.489367102503990736e+01
1.549332190649283447e+01
1.548796283092046622e+01
1.502156112003828703e+01
1.550322140010935534e+01
1.528695273000803745e+01
1.514396018150217316e+01
1.494297590718408131e+01
1.513835076084313869e+01
1.519720237675910290e+01
1.449614045099832538e+01
1.505553005015196888e+01
1.434606629438850334e+01
1.482694047350860167e+01
1.511501113719228684e+01
1.493725227345806950e+01
1.461209609765262485e+01
1.424857597160332112e+01
1.441386686675234330e+01
1.480205256933976443e+01
1.493550649359281124e+01
1.447077234921812305e+01
1.453504580331562579e+01
1.490162956191650778e+01
1.457855670840244677e+01
1.409724630558073422e+01
1.393299000868170801e+01
1.466146714753730151e+01
1.452609856450863290e+01
1.428195978579763192e+01
1.403760779339021347e+01
1.387469136209165477e+01
1.435191422074929690e+01
1.460121641837549156e+01
1.488267960108994536e+01
1.353353200844468063e+01
1.419595871092090178e+01
1.386915875946128196e+01
1.459162018250381010e+01
1.418480799608233944e+01
1.402684407389271648e+01
1.413179344518047209e+01
1.383778290376965536e+01
1.377366593084684077e+01
1.389654589671074625e+01
1.396843021867287504e+01
1.338843544670578289e+01
1.338072637707758439e+01
1.361528331183879281e+01
1.371793231386487300e+01
1.359173423386089574e+01
1.353885491397008956e+01
1.346243939277210444e+01
1.351439786932788500e+01
1.335598208269138354e+01
1.380210315831415713e+01
1.350271946858574879e+01
1.328790521552364901e+01
1.312243957058181643e+01
1.323930923660000047e+01
1.295934758204471571e+01
1.311798458060561501e+01
1.338446585959449209e+01
1.341271618664874410e+01
1.335173078364423915e+01
1.327187592807998584e+01
1.294356546780139183e+01
1.326322101735490477e+01
1.285294652589170461e+01
1.309874171617744132e+01
1.294630411201723952e+01
1.300519053726646312e+01
1.271006861604680260e+01
1.265974024334554748e+01
1.292924111780265584e+01
1.266157923773238458e+01
1.261553258083284845e+01
1.264761776461870291e+01
1.271976822283335196e+01
1.296609832994561984e+01
1.256123707014808133e+01
1.255300391593988429e+01
1.172711652983641883e+01
1.260509889080114299e+01
1.306132152790507739e+01
1.191123661429976899e+01
1.217637637423830377e+01
1.197164236047924035e+01
1.246829936027690167e+01
1.173209093525722224e+01
1.227737527827027364e+01
1.190995509435998478e+01
1.151543977864212032e+01
1.156388424933696335e+01
1.156147671353672912e+01
1.249642214305681698e+01
1.182878256590152510e+01
1.145335777169109548e+01
1.169501075450277483e+01
1.174110361416428105e+01
1.142536280141431959e+01
1.158758289991357771e+01
1.127757393177977896e+01
1.130363739997126160e+01
1.093911856171081887e+01
1.124648684801150011e+01
1.105976549953126664e+01
1.142510997407879003e+01
1.105478847182165580e+01
1.139415774987997487e+01
1.156212307460007160e+01
1.125686634703127353e+01
1.091757354741782393e+01
1.161837266834872473e+01
1.101046149876039593e+01
1.102807381690583810e+01
1.080648719649562572e+01
1.070649611179114480e+01
1.102262419329252729e+01
1.095142055063224440e+01
1.074856993524773685e+01
1.077450456664757716e+01
1.085111737590000125e+01
1.064488929784242899e+01
1.068293913136554885e+01
1.077314286948455724e+01
1.065334034771304772e+01
1.049312636359761619e+01
1.019944093832598142e+01
1.056084514749297476e+01
1.038626399157359437e+01
1.041619338520058768e+01
1.033302165783767812e+01
1.003033569413271664e+01
1.020562178836826739e+01
1.023392966484596300e+01
9.963664381901701006e+00
1.005918643764226239e+01
1.006143483013537221e+01
1.044046502480803262e+01
1.028303152208992266e+01
9.841980382511685832e+00
1.007404739997375387e+01
9.589685206425356157e+00
9.893016764988123768e+00
9.724442932955625452e+00
9.531892823559880767e+00
9.914566963034536329e+00
9.209389780413928861e+00
9.254668246499399231e+00
9.630098467661120765e+00
9.684056666039007055e+00
9.484323156644705932e+00
9.024100380388716758e+00
9.193732460272757478e+00
9.141115038652413816e+00
9.107824473566417112e+00
9.195954838281084065e+00
9.255493254461415020e+00
9.390851809612950518e+00
8.917703658010836421e+00
8.892332427661678196e+00
9.083284516004635378e+00
8.956531416826928549e+00
8.683409175116050704e+00
8.817142962641804971e+00
8.957966154139398895e+00
8.758700982062752161e+00
8.731575434142047953e+00
8.774152365219638483e+00
8.502893444147137103e+00
8.118642520201605706e+00
8.375546557553008142e+00
8.276919095483382449e+00
8.369022933604794545e+00
8.638492945861324657e+00
8.075002880136308292e+00
8.097650018593485655e+00
8.264490574379379950e+00
8.110979976466740737e+00
8.117893742948714575e+00
8.189734501836850811e+00
7.991948548696279353e+00
8.280528652964486369e+00
8.288822994166343605e+00
7.935354504590534042e+00
8.103981051788245793e+00
8.299067814934106835e+00
7.935637118057991657e+00
7.881652722206364814e+00
7.744088574569834904e+00
7.750455953597207959e+00
7.864034342113087384e+00
7.895335670124575600e+00
7.167896301244809365e+00
7.639813958392323023e+00
7.643505930140784166e+00
7.482715802356326051e+00
7.296706998065993766e+00
7.646900198835509421e+00
7.301007291955557754e+00
7.389095361744504764e+00
7.475536220741584081e+00
7.377845685933318798e+00
7.341941454822838331e+00
7.453078203342991870e+00
7.361532060783273046e+00
6.984712200699037865e+00
7.224584171199802007e+00
7.057406057974034752e+00
7.323589022723355768e+00
7.106285743451172365e+00
7.032623288224971070e+00
7.111557742779279323e+00
6.929997079238924051e+00
6.992901053469638306e+00
7.032099547213275237e+00
4.698470224874475602e-17
2.263475936418912468e-15
4.698915319587778905e-17
2.263690159052707702e-15
4.699356791915435693e-17
2.263905137072216733e-15
4.699798610613034455e-17
2.264118278309633696e-15
4.700245795953740572e-17
2.264331268758336508e-15
4.700692378533813762e-17
2.264547144587344305e-15
4.701136759395187219e-17
2.264762840916071063e-15
4.701580694925191572e-17
2.264976645506439421e-15
4.702029091208216919e-17
2.265191263972430774e-15
4.702477775507210371e-17
2.265408673778391407e-15
4.702924928777692204e-17
2.265624917571855984e-15
4.703372057842215669e-17
2.265839514945652851e-15
4.703822562097479546e-17
2.266056162297928040e-15
4.704273826024981021e-17
2.266274605035084591e-15
4.704721477028232150e-17
2.266491234253333341e-15
4.705173762512756060e-17
2.266707135581008116e-15
4.705626642373223119e-17
2.266925537960221011e-15
4.706078822216675929e-17
2.267145047377735113e-15
4.706528740778596060e-17
2.267362169550938791e-15
4.706985065541017713e-17
2.267579746644695417e-15
4.707440548575953154e-17
2.267799662187710036e-15
4.707892729031811628e-17
2.268019766686220719e-15
4.708346785241601387e-17
2.268237683599028763e-15
4.708804648604800010e-17
2.268456918782421146e-15
4.709263537636149953e-17
2.268678513794042192e-15
4.709716438580172090e-17
