1.722401939332485199e-04 0.000000000000000000e+00 0.000000000000000000e+00 0.000000000000000000e+00
1.632248604437336326e-04 0.000000000000000000e+00 0.000000000000000000e+00 0.000000000000000000e+00
5.666051635742187500e+02 0.000000000000000000e+00 0.000000000000000000e+00 0.000000000000000000e+00
5.602998657226562500e+02 0.000000000000000000e+00 0.000000000000000000e+00 0.000000000000000000e+00
4.319437255859375000e+02 0.000000000000000000e+00 0.000000000000000000e+00 0.000000000000000000e+00
3.619427185058593750e+02 0.000000000000000000e+00 0.000000000000000000e+00 0.000000000000000000e+00
2.895408325195312500e+02 0.000000000000000000e+00 0.000000000000000000e+00 0.000000000000000000e+00
3.419965515136718750e+02 0.000000000000000000e+00 0.000000000000000000e+00 0.000000000000000000e+00
2.489337921142578125e+02 0.000000000000000000e+00 0.000000000000000000e+00 0.000000000000000000e+00
2.444361114501953125e+02 0.000000000000000000e+00 0.000000000000000000e+00 0.000000000000000000e+00
2.773169555664062500e+02 0.000000000000000000e+00 0.000000000000000000e+00 0.000000000000000000e+00
2.388190155029296875e+02 0.000000000000000000e+00 0.000000000000000000e+00 0.000000000000000000e+00
2.376975097656250000e+02 0.000000000000000000e+00 0.000000000000000000e+00 0.000000000000000000e+00
2.035793914794921875e+02 0.000000000000000000e+00 0.000000000000000000e+00 0.000000000000000000e+00
2.521255340576171875e+02 0.000000000000000000e+00 0.000000000000000000e+00 0.000000000000000000e+00
1.899520568847656250e+02 0.000000000000000000e+00 0.000000000000000000e+00 0.000000000000000000e+00
2.143875274658203125e+02 0.000000000000000000e+00 0.000000000000000000e+00 0.000000000000000000e+00
1.895670471191406250e+02 0.000000000000000000e+00 0.000000000000000000e+00 0.000000000000000000e+00
1.729256896972656250e+02 0.000000000000000000e+00 0.000000000000000000e+00 0.000000000000000000e+00
2.290634613037109375e+02 0.000000000000000000e+00 0.000000000000000000e+00 0.000000000000000000e+00
1.998604125976562500e+02 0.000000000000000000e+00 0.000000000000000000e+00 0.000000000000000000e+00
1.995754089355468750e+02 0.000000000000000000e+00 0.000000000000000000e+00 0.000000000000000000e+00
1.831008453369140625e+02 0.000000000000000000e+00 0.000000000000000000e+00 0.000000000000000000e+00
2.197346343994140625e+02 0.000000000000000000e+00 0.000000000000000000e+00 0.000000000000000000e+00
1.892269287109375000e+02 0.000000000000000000e+00 0.000000000000000000e+00 0.000000000000000000e+00
1.791025085449218750e+02 0.000000000000000000e+00 0.000000000000000000e+00 0.000000000000000000e+00
1.848047332763671875e+02 0.000000000000000000e+00 0.000000000000000000e+00 0.000000000000000000e+00
1.937242889404296875e+02 0.000000000000000000e+00 0.000000000000000000e+00 0.000000000000000000e+00
1.823660430908203125e+02 0.000000000000000000e+00 0.000000000000000000e+00 0.000000000000000000e+00
2.066872100830078125e+02 0.000000000000000000e+00 0.000000000000000000e+00 0.000000000000000000e+00
1.798731689453125000e+02 0.000000000000000000e+00 0.000000000000000000e+00 0.000000000000000000e+00
2.015768280029296875e+02 0.000000000000000000e+00 0.000000000000000000e+00 0.000000000000000000e+00
1.969503631591796875e+02 0.000000000000000000e+00 0.000000000000000000e+00 0.000000000000000000e+00
2.013907012939453125e+02 0.000000000000000000e+00 0.000000000000000000e+00 0.000000000000000000e+00
2.006702423095703125e+02 0.000000000000000000e+00 0.000000000000000000e+00 0.000000000000000000e+00
1.779447784423828125e+02 0.000000000000000000e+00 0.000000000000000000e+00 0.000000000000000000e+00
1.734367675781250000e+02 0.000000000000000000e+00 0.000000000000000000e+00 0.000000000000000000e+00
2.169042205810546875e+02 0.000000000000000000e+00 0.000000000000000000e+00 0.000000000000000000e+00
1.942510375976562500e+02 0.000000000000000000e+00 0.000000000000000000e+00 0.000000000000000000e+00
1.824685058593750000e+02 0.000000000000000000e+00 0.000000000000000000e+00 0.000000000000000000e+00
1.975951538085937500e+02 0.000000000000000000e+00 0.000000000000000000e+00 0.000000000000000000e+00
1.865691223144531250e+02 0.000000000000000000e+00 0.000000000000000000e+00 0.000000000000000000e+00
1.834727935791015625e+02 0.000000000000000000e+00 0.000000000000000000e+00 0.000000000000000000e+00
1.767167205810546875e+02 0.000000000000000000e+00 0.000000000000000000e+00 0.000000000000000000e+00
1.881238098144531250e+02 0.000000000000000000e+00 0.000000000000000000e+00 0.000000000000000000e+00
2.165458374023437500e+02 0.000000000000000000e+00 0.000000000000000000e+00 0.000000000000000000e+00
2.005390167236328125e+02 0.000000000000000000e+00 0.000000000000000000e+00 0.000000000000000000e+00
1.799549560546875000e+02 0.000000000000000000e+00 0.000000000000000000e+00 0.000000000000000000e+00
1.994388275146484375e+02 0.000000000000000000e+00 0.000000000000000000e+00 0.000000000000000000e+00
1.981033172607421875e+02 0.000000000000000000e+00 0.000000000000000000e+00 0.000000000000000000e+00
2.060264282226562500e+02 0.000000000000000000e+00 0.000000000000000000e+00 0.000000000000000000e+00
2.361730346679687500e+02 0.000000000000000000e+00 0.000000000000000000e+00 0.000000000000000000e+00
2.061827850341796875e+02 0.000000000000000000e+00 0.000000000000000000e+00 0.000000000000000000e+00
1.816579284667968750e+02 0.000000000000000000e+00 0.000000000000000000e+00 0.000000000000000000e+00
1.679387512207031250e+02 0.000000000000000000e+00 0.000000000000000000e+00 0.000000000000000000e+00
2.338504486083984375e+02 0.000000000000000000e+00 0.000000000000000000e+00 0.000000000000000000e+00
2.067336425781250000e+02 0.000000000000000000e+00 0.000000000000000000e+00 0.000000000000000000e+00
1.903320770263671875e+02 0.000000000000000000e+00 0.000000000000000000e+00 0.000000000000000000e+00
2.172510833740234375e+02 0.000000000000000000e+00 0.000000000000000000e+00 0.000000000000000000e+00
2.129703674316406250e+02 0.000000000000000000e+00 0.000000000000000000e+00 0.000000000000000000e+00
1.849331665039062500e+02 0.000000000000000000e+00 0.000000000000000000e+00 0.000000000000000000e+00
1.957789764404296875e+02 0.000000000000000000e+00 0.000000000000000000e+00 0.000000000000000000e+00
2.011194305419921875e+02 0.000000000000000000e+00 0.000000000000000000e+00 0.000000000000000000e+00
1.884303894042968750e+02 0.000000000000000000e+00 0.000000000000000000e+00 0.000000000000000000e+00
2.027742919921875000e+02 0.000000000000000000e+00 0.000000000000000000e+00 0.000000000000000000e+00
1.622469024658203125e+02 0.000000000000000000e+00 0.000000000000000000e+00 0.000000000000000000e+00
2.036298828125000000e+02 0.000000000000000000e+00 0.000000000000000000e+00 0.000000000000000000e+00
2.191970825195312500e+02 0.000000000000000000e+00 0.000000000000000000e+00 0.000000000000000000e+00
2.144733123779296875e+02 0.000000000000000000e+00 0.000000000000000000e+00 0.000000000000000000e+00
2.099819641113281250e+02 0.000000000000000000e+00 0.000000000000000000e+00 0.000000000000000000e+00
2.277858123779296875e+02 0.000000000000000000e+00 0.000000000000000000e+00 0.000000000000000000e+00
2.222951202392578125e+02 0.000000000000000000e+00 0.000000000000000000e+00 0.000000000000000000e+00
1.885357818603515625e+02 0.000000000000000000e+00 0.000000000000000000e+00 0.000000000000000000e+00
2.398675842285156250e+02 0.000000000000000000e+00 0.000000000000000000e+00 0.000000000000000000e+00
2.074204559326171875e+02 0.000000000000000000e+00 0.000000000000000000e+00 0.000000000000000000e+00
2.110530242919921875e+02 0.000000000000000000e+00 0.000000000000000000e+00 0.000000000000000000e+00
2.175493469238281250e+02 0.000000000000000000e+00 0.000000000000000000e+00 0.000000000000000000e+00
2.057990112304687500e+02 0.000000000000000000e+00 0.000000000000000000e+00 0.000000000000000000e+00
2.164611663818359375e+02 0.000000000000000000e+00 0.000000000000000000e+00 0.000000000000000000e+00
2.115931854248046875e+02 0.000000000000000000e+00 0.000000000000000000e+00 0.000000000000000000e+00
2.311560211181640625e+02 0.000000000000000000e+00 0.000000000000000000e+00 0.000000000000000000e+00
2.210903778076171875e+02 0.000000000000000000e+00 0.000000000000000000e+00 0.000000000000000000e+00
2.638279724121093750e+02 0.000000000000000000e+00 0.000000000000000000e+00 0.000000000000000000e+00
2.350184326171875000e+02 0.000000000000000000e+00 0.000000000000000000e+00 0.000000000000000000e+00
2.243951416015625000e+02 0.000000000000000000e+00 0.000000000000000000e+00 0.000000000000000000e+00
2.246902313232421875e+02 0.000000000000000000e+00 0.000000000000000000e+00 0.000000000000000000e+00
2.133923797607421875e+02 0.000000000000000000e+00 0.000000000000000000e+00 0.000000000000000000e+00
2.295222473144531250e+02 0.000000000000000000e+00 0.000000000000000000e+00 0.000000000000000000e+00
2.504861450195312500e+02 0.000000000000000000e+00 0.000000000000000000e+00 0.000000000000000000e+00
2.626262207031250000e+02 0.000000000000000000e+00 0.000000000000000000e+00 0.000000000000000000e+00
2.171643066406250000e+02 0.000000000000000000e+00 0.000000000000000000e+00 0.000000000000000000e+00
2.196817474365234375e+02 0.000000000000000000e+00 0.000000000000000000e+00 0.000000000000000000e+00
2.727705078125000000e+02 0.000000000000000000e+00 0.000000000000000000e+00 0.000000000000000000e+00
2.488789215087890625e+02 0.000000000000000000e+00 0.000000000000000000e+00 0.000000000000000000e+00
2.602608337402343750e+02 0.000000000000000000e+00 0.000000000000000000e+00 0.000000000000000000e+00
2.370643310546875000e+02 0.000000000000000000e+00 0.000000000000000000e+00 0.000000000000000000e+00
2.638247680664062500e+02 0.000000000000000000e+00 0.000000000000000000e+00 0.000000000000000000e+00
2.676517639160156250e+02 0.000000000000000000e+00 0.000000000000000000e+00 0.000000000000000000e+00
2.600019531250000000e+02 0.000000000000000000e+00 0.000000000000000000e+00 0.000000000000000000e+00
2.412023010253906250e+02 0.000000000000000000e+00 0.000000000000000000e+00 0.000000000000000000e+00
2.518171386718750000e+02 0.000000000000000000e+00 0.000000000000000000e+00 0.000000000000000000e+00
2.719008789062500000e+02 0.000000000000000000e+00 0.000000000000000000e+00 0.000000000000000000e+00
2.667879638671875000e+02 0.000000000000000000e+00 0.000000000000000000e+00 0.000000000000000000e+00
2.570686035156250000e+02 0.000000000000000000e+00 0.000000000000000000e+00 0.000000000000000000e+00
2.651940002441406250e+02 0.000000000000000000e+00 0.000000000000000000e+00 0.000000000000000000e+00
2.609563903808593750e+02 0.000000000000000000e+00 0.000000000000000000e+00 0.000000000000000000e+00
2.672635803222656250e+02 0.000000000000000000e+00 0.000000000000000000e+00 0.000000000000000000e+00
2.362431335449218750e+02 0.000000000000000000e+00 0.000000000000000000e+00 0.000000000000000000e+00
2.730617370605468750e+02 0.000000000000000000e+00 0.000000000000000000e+00 0.000000000000000000e+00
2.794986267089843750e+02 0.000000000000000000e+00 0.000000000000000000e+00 0.000000000000000000e+00
2.934689025878906250e+02 0.000000000000000000e+00 0.000000000000000000e+00 0.000000000000000000e+00
2.581774291992187500e+02 0.000000000000000000e+00 0.000000000000000000e+00 0.000000000000000000e+00
2.678993530273437500e+02 0.000000000000000000e+00 0.000000000000000000e+00 0.000000000000000000e+00
2.815768432617187500e+02 0.000000000000000000e+00 0.000000000000000000e+00 0.000000000000000000e+00
2.828375244140625000e+02 0.000000000000000000e+00 0.000000000000000000e+00 0.000000000000000000e+00
3.102975158691406250e+02 0.000000000000000000e+00 0.000000000000000000e+00 0.000000000000000000e+00
3.019057922363281250e+02 0.000000000000000000e+00 0.000000000000000000e+00 0.000000000000000000e+00
2.972058105468750000e+02 0.000000000000000000e+00 0.000000000000000000e+00 0.000000000000000000e+00
2.935668640136718750e+02 0.000000000000000000e+00 0.000000000000000000e+00 0.000000000000000000e+00
2.786598510742187500e+02 0.000000000000000000e+00 0.000000000000000000e+00 0.000000000000000000e+00
2.554430847167968750e+02 0.000000000000000000e+00 0.000000000000000000e+00 0.000000000000000000e+00
3.077081298828125000e+02 0.000000000000000000e+00 0.000000000000000000e+00 0.000000000000000000e+00
3.100686950683593750e+02 0.000000000000000000e+00 0.000000000000000000e+00 0.000000000000000000e+00
2.933528137207031250e+02 0.000000000000000000e+00 0.000000000000000000e+00 0.000000000000000000e+00
3.155095520019531250e+02 0.000000000000000000e+00 0.000000000000000000e+00 0.000000000000000000e+00
3.051127624511718750e+02 0.000000000000000000e+00 0.000000000000000000e+00 0.000000000000000000e+00
2.934728088378906250e+02 0.000000000000000000e+00 0.000000000000000000e+00 0.000000000000000000e+00
3.354145507812500000e+02 0.000000000000000000e+00 0.000000000000000000e+00 0.000000000000000000e+00
3.277301940917968750e+02 0.000000000000000000e+00 0.000000000000000000e+00 0.000000000000000000e+00
2.822780456542968750e+02 0.000000000000000000e+00 0.000000000000000000e+00 0.000000000000000000e+00
3.309189147949218750e+02 0.000000000000000000e+00 0.000000000000000000e+00 0.000000000000000000e+00
3.241147460937500000e+02 0.000000000000000000e+00 0.000000000000000000e+00 0.000000000000000000e+00
3.464115600585937500e+02 0.000000000000000000e+00 0.000000000000000000e+00 0.000000000000000000e+00
3.492622375488281250e+02 0.000000000000000000e+00 0.000000000000000000e+00 0.000000000000000000e+00
3.175791320800781250e+02 0.000000000000000000e+00 0.000000000000000000e+00 0.000000000000000000e+00
3.123290405273437500e+02 0.000000000000000000e+00 0.000000000000000000e+00 0.000000000000000000e+00
2.690172424316406250e+02 0.000000000000000000e+00 0.000000000000000000e+00 0.000000000000000000e+00
3.084630737304687500e+02 0.000000000000000000e+00 0.000000000000000000e+00 0.000000000000000000e+00
3.161944885253906250e+02 0.000000000000000000e+00 0.000000000000000000e+00 0.000000000000000000e+00
3.259747009277343750e+02 0.000000000000000000e+00 0.000000000000000000e+00 0.000000000000000000e+00
3.186275634765625000e+02 0.000000000000000000e+00 0.000000000000000000e+00 0.000000000000000000e+00
3.763149414062500000e+02 0.000000000000000000e+00 0.000000000000000000e+00 0.000000000000000000e+00
3.135080871582031250e+02 0.000000000000000000e+00 0.000000000000000000e+00 0.000000000000000000e+00
3.404057312011718750e+02 0.000000000000000000e+00 0.000000000000000000e+00 0.000000000000000000e+00
3.412786865234375000e+02 0.000000000000000000e+00 0.000000000000000000e+00 0.000000000000000000e+00
3.717226257324218750e+02 0.000000000000000000e+00 0.000000000000000000e+00 0.000000000000000000e+00
3.213660888671875000e+02 0.000000000000000000e+00 0.000000000000000000e+00 0.000000000000000000e+00
3.187897949218750000e+02 0.000000000000000000e+00 0.000000000000000000e+00 0.000000000000000000e+00
3.172861022949218750e+02 0.000000000000000000e+00 0.000000000000000000e+00 0.000000000000000000e+00
3.878856811523437500e+02 0.000000000000000000e+00 0.000000000000000000e+00 0.000000000000000000e+00
3.584793395996093750e+02 0.000000000000000000e+00 0.000000000000000000e+00 0.000000000000000000e+00
3.391362304687500000e+02 0.000000000000000000e+00 0.000000000000000000e+00 0.000000000000000000e+00
3.057745971679687500e+02 0.000000000000000000e+00 0.000000000000000000e+00 0.000000000000000000e+00
3.645074157714843750e+02 0.000000000000000000e+00 0.000000000000000000e+00 0.000000000000000000e+00
3.709116821289062500e+02 0.000000000000000000e+00 0.000000000000000000e+00 0.000000000000000000e+00
3.342447814941406250e+02 0.000000000000000000e+00 0.000000000000000000e+00 0.000000000000000000e+00
4.037679138183593750e+02 0.000000000000000000e+00 0.000000000000000000e+00 0.000000000000000000e+00
3.381272888183593750e+02 0.000000000000000000e+00 0.000000000000000000e+00 0.000000000000000000e+00
3.615499877929687500e+02 0.000000000000000000e+00 0.000000000000000000e+00 0.000000000000000000e+00
3.518657531738281250e+02 0.000000000000000000e+00 0.000000000000000000e+00 0.000000000000000000e+00
3.903217163085937500e+02 0.000000000000000000e+00 0.000000000000000000e+00 0.000000000000000000e+00
3.427331237792968750e+02 0.000000000000000000e+00 0.000000000000000000e+00 0.000000000000000000e+00
3.701709594726562500e+02 0.000000000000000000e+00 0.000000000000000000e+00 0.000000000000000000e+00
4.065479431152343750e+02 0.000000000000000000e+00 0.000000000000000000e+00 0.000000000000000000e+00
3.519656677246093750e+02 0.000000000000000000e+00 0.000000000000000000e+00 0.000000000000000000e+00
3.935979919433593750e+02 0.000000000000000000e+00 0.000000000000000000e+00 0.000000000000000000e+00
3.789238586425781250e+02 0.000000000000000000e+00 0.000000000000000000e+00 0.000000000000000000e+00
3.657658996582031250e+02 0.000000000000000000e+00 0.000000000000000000e+00 0.000000000000000000e+00
3.389773254394531250e+02 0.000000000000000000e+00 0.000000000000000000e+00 0.000000000000000000e+00
3.749721679687500000e+02 0.000000000000000000e+00 0.000000000000000000e+00 0.000000000000000000e+00
3.851182556152343750e+02 0.000000000000000000e+00 0.000000000000000000e+00 0.000000000000000000e+00
3.530308532714843750e+02 0.000000000000000000e+00 0.000000000000000000e+00 0.000000000000000000e+00
3.695205383300781250e+02 0.000000000000000000e+00 0.000000000000000000e+00 0.000000000000000000e+00
3.812320556640625000e+02 0.000000000000000000e+00 0.000000000000000000e+00 0.000000000000000000e+00
3.559548034667968750e+02 0.000000000000000000e+00 0.000000000000000000e+00 0.000000000000000000e+00
3.766251831054687500e+02 0.000000000000000000e+00 0.000000000000000000e+00 0.000000000000000000e+00
3.671490478515625000e+02 0.000000000000000000e+00 0.000000000000000000e+00 0.000000000000000000e+00
4.067064514160156250e+02 0.000000000000000000e+00 0.000000000000000000e+00 0.000000000000000000e+00
4.391080322265625000e+02 0.000000000000000000e+00 0.000000000000000000e+00 0.000000000000000000e+00
3.528182373046875000e+02 0.000000000000000000e+00 0.000000000000000000e+00 0.000000000000000000e+00
3.550696716308593750e+02 0.000000000000000000e+00 0.000000000000000000e+00 0.000000000000000000e+00
3.415430603027343750e+02 0.000000000000000000e+00 0.000000000000000000e+00 0.000000000000000000e+00
3.856693420410156250e+02 0.000000000000000000e+00 0.000000000000000000e+00 0.000000000000000000e+00
3.644743957519531250e+02 0.000000000000000000e+00 0.000000000000000000e+00 0.000000000000000000e+00
3.915903015136718750e+02 0.000000000000000000e+00 0.000000000000000000e+00 0.000000000000000000e+00
3.713016052246093750e+02 0.000000000000000000e+00 0.000000000000000000e+00 0.000000000000000000e+00
3.496622314453125000e+02 0.000000000000000000e+00 0.000000000000000000e+00 0.000000000000000000e+00
3.546312866210937500e+02 0.000000000000000000e+00 0.000000000000000000e+00 0.000000000000000000e+00
3.193525695800781250e+02 0.000000000000000000e+00 0.000000000000000000e+00 0.000000000000000000e+00
3.313792724609375000e+02 0.000000000000000000e+00 0.000000000000000000e+00 0.000000000000000000e+00
3.761222839355468750e+02 0.000000000000000000e+00 0.000000000000000000e+00 0.000000000000000000e+00
4.187392578125000000e+02 0.000000000000000000e+00 0.000000000000000000e+00 0.000000000000000000e+00
3.330070495605468750e+02 0.000000000000000000e+00 0.000000000000000000e+00 0.000000000000000000e+00
4.033129882812500000e+02 0.000000000000000000e+00 0.000000000000000000e+00 0.000000000000000000e+00
3.992144775390625000e+02 0.000000000000000000e+00 0.000000000000000000e+00 0.000000000000000000e+00
3.545042724609375000e+02 0.000000000000000000e+00 0.000000000000000000e+00 0.000000000000000000e+00
4.045544738769531250e+02 0.000000000000000000e+00 0.000000000000000000e+00 0.000000000000000000e+00
4.034366149902343750e+02 0.000000000000000000e+00 0.000000000000000000e+00 0.000000000000000000e+00
4.029750976562500000e+02 0.000000000000000000e+00 0.000000000000000000e+00 0.000000000000000000e+00
3.687284851074218750e+02 0.000000000000000000e+00 0.000000000000000000e+00 0.000000000000000000e+00
3.846162719726562500e+02 0.000000000000000000e+00 0.000000000000000000e+00 0.000000000000000000e+00
3.590262756347656250e+02 0.000000000000000000e+00 0.000000000000000000e+00 0.000000000000000000e+00
3.629251098632812500e+02 0.000000000000000000e+00 0.000000000000000000e+00 0.000000000000000000e+00
4.364123229980468750e+02 0.000000000000000000e+00 0.000000000000000000e+00 0.000000000000000000e+00
3.682886962890625000e+02 0.000000000000000000e+00 0.000000000000000000e+00 0.000000000000000000e+00
3.281403808593750000e+02 0.000000000000000000e+00 0.000000000000000000e+00 0.000000000000000000e+00
3.418697509765625000e+02 0.000000000000000000e+00 0.000000000000000000e+00 0.000000000000000000e+00
3.794194030761718750e+02 0.000000000000000000e+00 0.000000000000000000e+00 0.000000000000000000e+00
3.585280761718750000e+02 0.000000000000000000e+00 0.000000000000000000e+00 0.000000000000000000e+00
3.786741943359375000e+02 0.000000000000000000e+00 0.000000000000000000e+00 0.000000000000000000e+00
4.097842407226562500e+02 0.000000000000000000e+00 0.000000000000000000e+00 0.000000000000000000e+00
3.758161926269531250e+02 0.000000000000000000e+00 0.000000000000000000e+00 0.000000000000000000e+00
4.087303466796875000e+02 0.000000000000000000e+00 0.000000000000000000e+00 0.000000000000000000e+00
3.683647460937500000e+02 0.000000000000000000e+00 0.000000000000000000e+00 0.000000000000000000e+00
3.666070251464843750e+02 0.000000000000000000e+00 0.000000000000000000e+00 0.000000000000000000e+00
3.582638549804687500e+02 0.000000000000000000e+00 0.000000000000000000e+00 0.000000000000000000e+00
3.729090576171875000e+02 0.000000000000000000e+00 0.000000000000000000e+00 0.000000000000000000e+00
3.319096679687500000e+02 0.000000000000000000e+00 0.000000000000000000e+00 0.000000000000000000e+00
3.436783142089843750e+02 0.000000000000000000e+00 0.000000000000000000e+00 0.000000000000000000e+00
3.223121948242187500e+02 0.000000000000000000e+00 0.000000000000000000e+00 0.000000000000000000e+00
3.771685180664062500e+02 0.000000000000000000e+00 0.000000000000000000e+00 0.000000000000000000e+00
3.542160339355468750e+02 0.000000000000000000e+00 0.000000000000000000e+00 0.000000000000000000e+00
3.434295349121093750e+02 0.000000000000000000e+00 0.000000000000000000e+00 0.000000000000000000e+00
3.418831176757812500e+02 0.000000000000000000e+00 0.000000000000000000e+00 0.000000000000000000e+00
3.695038146972656250e+02 0.000000000000000000e+00 0.000000000000000000e+00 0.000000000000000000e+00
3.629734497070312500e+02 0.000000000000000000e+00 0.000000000000000000e+00 0.000000000000000000e+00
3.913768310546875000e+02 0.000000000000000000e+00 0.000000000000000000e+00 0.000000000000000000e+00
3.311146545410156250e+02 0.000000000000000000e+00 0.000000000000000000e+00 0.000000000000000000e+00
3.858078613281250000e+02 0.000000000000000000e+00 0.000000000000000000e+00 0.000000000000000000e+00
3.755901489257812500e+02 0.000000000000000000e+00 0.000000000000000000e+00 0.000000000000000000e+00
3.582802734375000000e+02 0.000000000000000000e+00 0.000000000000000000e+00 0.000000000000000000e+00
3.033706970214843750e+02 0.000000000000000000e+00 0.000000000000000000e+00 0.000000000000000000e+00
3.264303283691406250e+02 0.000000000000000000e+00 0.000000000000000000e+00 0.000000000000000000e+00
3.420188293457031250e+02 0.000000000000000000e+00 0.000000000000000000e+00 0.000000000000000000e+00
3.142758178710937500e+02 0.000000000000000000e+00 0.000000000000000000e+00 0.000000000000000000e+00
3.432973022460937500e+02 0.000000000000000000e+00 0.000000000000000000e+00 0.000000000000000000e+00
3.248981018066406250e+02 0.000000000000000000e+00 0.000000000000000000e+00 0.000000000000000000e+00
3.408618774414062500e+02 0.000000000000000000e+00 0.000000000000000000e+00 0.000000000000000000e+00
3.182424926757812500e+02 0.000000000000000000e+00 0.000000000000000000e+00 0.000000000000000000e+00
3.005639038085937500e+02 0.000000000000000000e+00 0.000000000000000000e+00 0.000000000000000000e+00
3.851792907714843750e+02 0.000000000000000000e+00 0.000000000000000000e+00 0.000000000000000000e+00
3.203777160644531250e+02 0.000000000000000000e+00 0.000000000000000000e+00 0.000000000000000000e+00
3.604559326171875000e+02 0.000000000000000000e+00 0.000000000000000000e+00 0.000000000000000000e+00
3.214998474121093750e+02 0.000000000000000000e+00 0.000000000000000000e+00 0.000000000000000000e+00
3.339415893554687500e+02 0.000000000000000000e+00 0.000000000000000000e+00 0.000000000000000000e+00
3.406417236328125000e+02 0.000000000000000000e+00 0.000000000000000000e+00 0.000000000000000000e+00
3.264627990722656250e+02 0.000000000000000000e+00 0.000000000000000000e+00 0.000000000000000000e+00
3.475534667968750000e+02 0.000000000000000000e+00 0.000000000000000000e+00 0.000000000000000000e+00
3.656093444824218750e+02 0.000000000000000000e+00 0.000000000000000000e+00 0.000000000000000000e+00
3.613510742187500000e+02 0.000000000000000000e+00 0.000000000000000000e+00 0.000000000000000000e+00
3.116586914062500000e+02 0.000000000000000000e+00 0.000000000000000000e+00 0.000000000000000000e+00
3.775104370117187500e+02 0.000000000000000000e+00 0.000000000000000000e+00 0.000000000000000000e+00
3.177361145019531250e+02 0.000000000000000000e+00 0.000000000000000000e+00 0.000000000000000000e+00
3.236939697265625000e+02 0.000000000000000000e+00 0.000000000000000000e+00 0.000000000000000000e+00
3.296180114746093750e+02 0.000000000000000000e+00 0.000000000000000000e+00 0.000000000000000000e+00
3.402078552246093750e+02 0.000000000000000000e+00 0.000000000000000000e+00 0.000000000000000000e+00
2.971908264160156250e+02 0.000000000000000000e+00 0.000000000000000000e+00 0.000000000000000000e+00
3.003771972656250000e+02 0.000000000000000000e+00 0.000000000000000000e+00 0.000000000000000000e+00
2.793459167480468750e+02 0.000000000000000000e+00 0.000000000000000000e+00 0.000000000000000000e+00
3.223144531250000000e+02 0.000000000000000000e+00 0.000000000000000000e+00 0.000000000000000000e+00
2.795960388183593750e+02 0.000000000000000000e+00 0.000000000000000000e+00 0.000000000000000000e+00
2.927738952636718750e+02 0.000000000000000000e+00 0.000000000000000000e+00 0.000000000000000000e+00
2.623939514160156250e+02 0.000000000000000000e+00 0.000000000000000000e+00 0.000000000000000000e+00
2.876502380371093750e+02 0.000000000000000000e+00 0.000000000000000000e+00 0.000000000000000000e+00
2.898477478027343750e+02 0.000000000000000000e+00 0.000000000000000000e+00 0.000000000000000000e+00
3.057823791503906250e+02 0.000000000000000000e+00 0.000000000000000000e+00 0.000000000000000000e+00
2.881673278808593750e+02 0.000000000000000000e+00 0.000000000000000000e+00 0.000000000000000000e+00
2.849481201171875000e+02 0.000000000000000000e+00 0.000000000000000000e+00 0.000000000000000000e+00
3.220042724609375000e+02 0.000000000000000000e+00 0.000000000000000000e+00 0.000000000000000000e+00
3.173096313476562500e+02 0.000000000000000000e+00 0.000000000000000000e+00 0.000000000000000000e+00
2.522482604980468750e+02 0.000000000000000000e+00 0.000000000000000000e+00 0.000000000000000000e+00
2.669049072265625000e+02 0.000000000000000000e+00 0.000000000000000000e+00 0.000000000000000000e+00
2.576592102050781250e+02 0.000000000000000000e+00 0.000000000000000000e+00 0.000000000000000000e+00
2.720460815429687500e+02 0.000000000000000000e+00 0.000000000000000000e+00 0.000000000000000000e+00
2.799921264648437500e+02 0.000000000000000000e+00 0.000000000000000000e+00 0.000000000000000000e+00
2.881828308105468750e+02 0.000000000000000000e+00 0.000000000000000000e+00 0.000000000000000000e+00
2.432960052490234375e+02 0.000000000000000000e+00 0.000000000000000000e+00 0.000000000000000000e+00
2.492269287109375000e+02 0.000000000000000000e+00 0.000000000000000000e+00 0.000000000000000000e+00
2.681954345703125000e+02 0.000000000000000000e+00 0.000000000000000000e+00 0.000000000000000000e+00
2.459072113037109375e+02 0.000000000000000000e+00 0.000000000000000000e+00 0.000000000000000000e+00
2.637489318847656250e+02 0.000000000000000000e+00 0.000000000000000000e+00 0.000000000000000000e+00
2.609465026855468750e+02 0.000000000000000000e+00 0.000000000000000000e+00 0.000000000000000000e+00
2.548604278564453125e+02 0.000000000000000000e+00 0.000000000000000000e+00 0.000000000000000000e+00
2.634053955078125000e+02 0.000000000000000000e+00 0.000000000000000000e+00 0.000000000000000000e+00
2.377578735351562500e+02 0.000000000000000000e+00 0.000000000000000000e+00 0.000000000000000000e+00
2.674635314941406250e+02 0.000000000000000000e+00 0.000000000000000000e+00 0.000000000000000000e+00
2.606441040039062500e+02 0.000000000000000000e+00 0.000000000000000000e+00 0.000000000000000000e+00
2.351021270751953125e+02 0.000000000000000000e+00 0.000000000000000000e+00 0.000000000000000000e+00
2.259681549072265625e+02 0.000000000000000000e+00 0.000000000000000000e+00 0.000000000000000000e+00
2.589930419921875000e+02 0.000000000000000000e+00 0.000000000000000000e+00 0.000000000000000000e+00
2.355525360107421875e+02 0.000000000000000000e+00 0.000000000000000000e+00 0.000000000000000000e+00
2.224953002929687500e+02 0.000000000000000000e+00 0.000000000000000000e+00 0.000000000000000000e+00
2.332395782470703125e+02 0.000000000000000000e+00 0.000000000000000000e+00 0.000000000000000000e+00
2.267595977783203125e+02 0.000000000000000000e+00 0.000000000000000000e+00 0.000000000000000000e+00
2.285809631347656250e+02 0.000000000000000000e+00 0.000000000000000000e+00 0.000000000000000000e+00
2.409911346435546875e+02 0.000000000000000000e+00 0.000000000000000000e+00 0.000000000000000000e+00
2.093146209716796875e+02 0.000000000000000000e+00 0.000000000000000000e+00 0.000000000000000000e+00
1.927648468017578125e+02 0.000000000000000000e+00 0.000000000000000000e+00 0.000000000000000000e+00
2.157062377929687500e+02 0.000000000000000000e+00 0.000000000000000000e+00 0.000000000000000000e+00
2.066618499755859375e+02 0.000000000000000000e+00 0.000000000000000000e+00 0.000000000000000000e+00
1.898050231933593750e+02 0.000000000000000000e+00 0.000000000000000000e+00 0.000000000000000000e+00
2.308537445068359375e+02 0.000000000000000000e+00 0.000000000000000000e+00 0.000000000000000000e+00
2.127207946777343750e+02 0.000000000000000000e+00 0.000000000000000000e+00 0.000000000000000000e+00
2.012202301025390625e+02 0.000000000000000000e+00 0.000000000000000000e+00 0.000000000000000000e+00
1.720822601318359375e+02 0.000000000000000000e+00 0.000000000000000000e+00 0.000000000000000000e+00
2.137327575683593750e+02 0.000000000000000000e+00 0.000000000000000000e+00 0.000000000000000000e+00
2.103571929931640625e+02 0.000000000000000000e+00 0.000000000000000000e+00 0.000000000000000000e+00
2.047200775146484375e+02 0.000000000000000000e+00 0.000000000000000000e+00 0.000000000000000000e+00
1.568745422363281250e+02 0.000000000000000000e+00 0.000000000000000000e+00 0.000000000000000000e+00
1.858498077392578125e+02 0.000000000000000000e+00 0.000000000000000000e+00 0.000000000000000000e+00
1.792976074218750000e+02 0.000000000000000000e+00 0.000000000000000000e+00 0.000000000000000000e+00
1.949950866699218750e+02 0.000000000000000000e+00 0.000000000000000000e+00 0.000000000000000000e+00
1.539496612548828125e+02 0.000000000000000000e+00 0.000000000000000000e+00 0.000000000000000000e+00
1.651092071533203125e+02 0.000000000000000000e+00 0.000000000000000000e+00 0.000000000000000000e+00
1.699359436035156250e+02 0.000000000000000000e+00 0.000000000000000000e+00 0.000000000000000000e+00
2.119421234130859375e+02 0.000000000000000000e+00 0.000000000000000000e+00 0.000000000000000000e+00
1.496515350341796875e+02 0.000000000000000000e+00 0.000000000000000000e+00 0.000000000000000000e+00
1.563034210205078125e+02 0.000000000000000000e+00 0.000000000000000000e+00 0.000000000000000000e+00
1.591173248291015625e+02 0.000000000000000000e+00 0.000000000000000000e+00 0.000000000000000000e+00
1.766308135986328125e+02 0.000000000000000000e+00 0.000000000000000000e+00 0.000000000000000000e+00
1.474032135009765625e+02 0.000000000000000000e+00 0.000000000000000000e+00 0.000000000000000000e+00
1.814017181396484375e+02 0.000000000000000000e+00 0.000000000000000000e+00 0.000000000000000000e+00
1.778391265869140625e+02 0.000000000000000000e+00 0.000000000000000000e+00 0.000000000000000000e+00
1.670138397216796875e+02 0.000000000000000000e+00 0.000000000000000000e+00 0.000000000000000000e+00
1.667062072753906250e+02 0.000000000000000000e+00 0.000000000000000000e+00 0.000000000000000000e+00
1.728227386474609375e+02 0.000000000000000000e+00 0.000000000000000000e+00 0.000000000000000000e+00
1.674571990966796875e+02 0.000000000000000000e+00 0.000000000000000000e+00 0.000000000000000000e+00
1.598142700195312500e+02 0.000000000000000000e+00 0.000000000000000000e+00 0.000000000000000000e+00
1.569811248779296875e+02 0.000000000000000000e+00 0.000000000000000000e+00 0.000000000000000000e+00
1.675148620605468750e+02 0.000000000000000000e+00 0.000000000000000000e+00 0.000000000000000000e+00
1.536282196044921875e+02 0.000000000000000000e+00 0.000000000000000000e+00 0.000000000000000000e+00
1.403397369384765625e+02 0.000000000000000000e+00 0.000000000000000000e+00 0.000000000000000000e+00
1.441586303710937500e+02 0.000000000000000000e+00 0.000000000000000000e+00 0.000000000000000000e+00
1.511368255615234375e+02 0.000000000000000000e+00 0.000000000000000000e+00 0.000000000000000000e+00
1.276500473022460938e+02 0.000000000000000000e+00 0.000000000000000000e+00 0.000000000000000000e+00
1.463413543701171875e+02 0.000000000000000000e+00 0.000000000000000000e+00 0.000000000000000000e+00
1.309384613037109375e+02 0.000000000000000000e+00 0.000000000000000000e+00 0.000000000000000000e+00
1.262831878662109375e+02 0.000000000000000000e+00 0.000000000000000000e+00 0.000000000000000000e+00
1.266440505981445312e+02 0.000000000000000000e+00 0.000000000000000000e+00 0.000000000000000000e+00
1.363207855224609375e+02 0.000000000000000000e+00 0.000000000000000000e+00 0.000000000000000000e+00
1.525619506835937500e+02 0.000000000000000000e+00 0.000000000000000000e+00 0.000000000000000000e+00
1.206569137573242188e+02 0.000000000000000000e+00 0.000000000000000000e+00 0.000000000000000000e+00
1.309953155517578125e+02 0.000000000000000000e+00 0.000000000000000000e+00 0.000000000000000000e+00
1.311961669921875000e+02 0.000000000000000000e+00 0.000000000000000000e+00 0.000000000000000000e+00
1.062008056640625000e+02 0.000000000000000000e+00 0.000000000000000000e+00 0.000000000000000000e+00
1.191853790283203125e+02 0.000000000000000000e+00 0.000000000000000000e+00 0.000000000000000000e+00
1.253033828735351562e+02 0.000000000000000000e+00 0.000000000000000000e+00 0.000000000000000000e+00
1.219771881103515625e+02 0.000000000000000000e+00 0.000000000000000000e+00 0.000000000000000000e+00
1.125716629028320312e+02 0.000000000000000000e+00 0.000000000000000000e+00 0.000000000000000000e+00
1.174797363281250000e+02 0.000000000000000000e+00 0.000000000000000000e+00 0.000000000000000000e+00
1.137692871093750000e+02 0.000000000000000000e+00 0.000000000000000000e+00 0.000000000000000000e+00
1.166510238647460938e+02 0.000000000000000000e+00 0.000000000000000000e+00 0.000000000000000000e+00
9.934719085693359375e+01 0.000000000000000000e+00 0.000000000000000000e+00 0.000000000000000000e+00
1.164732284545898438e+02 0.000000000000000000e+00 0.000000000000000000e+00 0.000000000000000000e+00
1.022529907226562500e+02 0.000000000000000000e+00 0.000000000000000000e+00 0.000000000000000000e+00
1.140446166992187500e+02 0.000000000000000000e+00 0.000000000000000000e+00 0.000000000000000000e+00
1.129473724365234375e+02 0.000000000000000000e+00 0.000000000000000000e+00 0.000000000000000000e+00
1.052941665649414062e+02 0.000000000000000000e+00 0.000000000000000000e+00 0.000000000000000000e+00
9.172753143310546875e+01 0.000000000000000000e+00 0.000000000000000000e+00 0.000000000000000000e+00
9.595749664306640625e+01 0.000000000000000000e+00 0.000000000000000000e+00 0.000000000000000000e+00
9.440959930419921875e+01 0.000000000000000000e+00 0.000000000000000000e+00 0.000000000000000000e+00
1.037152175903320312e+02 0.000000000000000000e+00 0.000000000000000000e+00 0.000000000000000000e+00
9.781913757324218750e+01 0.000000000000000000e+00 0.000000000000000000e+00 0.000000000000000000e+00
9.394361877441406250e+01 0.000000000000000000e+00 0.000000000000000000e+00 0.000000000000000000e+00
8.870221710205078125e+01 0.000000000000000000e+00 0.000000000000000000e+00 0.000000000000000000e+00
8.894056701660156250e+01 0.000000000000000000e+00 0.000000000000000000e+00 0.000000000000000000e+00
9.518780517578125000e+01 0.000000000000000000e+00 0.000000000000000000e+00 0.000000000000000000e+00
9.657197570800781250e+01 0.000000000000000000e+00 0.000000000000000000e+00 0.000000000000000000e+00
8.291436767578125000e+01 0.000000000000000000e+00 0.000000000000000000e+00 0.000000000000000000e+00
8.599172210693359375e+01 0.000000000000000000e+00 0.000000000000000000e+00 0.000000000000000000e+00
9.608159637451171875e+01 0.000000000000000000e+00 0.000000000000000000e+00 0.000000000000000000e+00
9.171496582031250000e+01 0.000000000000000000e+00 0.000000000000000000e+00 0.000000000000000000e+00
8.973681640625000000e+01 0.000000000000000000e+00 0.000000000000000000e+00 0.000000000000000000e+00
8.697616577148437500e+01 0.000000000000000000e+00 0.000000000000000000e+00 0.000000000000000000e+00
8.806961822509765625e+01 0.000000000000000000e+00 0.000000000000000000e+00 0.000000000000000000e+00
9.362842559814453125e+01 0.000000000000000000e+00 0.000000000000000000e+00 0.000000000000000000e+00
9.476468658447265625e+01 0.000000000000000000e+00 0.000000000000000000e+00 0.000000000000000000e+00
7.354588317871093750e+01 0.000000000000000000e+00 0.000000000000000000e+00 0.000000000000000000e+00
7.413784027099609375e+01 0.000000000000000000e+00 0.000000000000000000e+00 0.000000000000000000e+00
7.770960998535156250e+01 0.000000000000000000e+00 0.000000000000000000e+00 0.000000000000000000e+00
7.779005432128906250e+01 0.000000000000000000e+00 0.000000000000000000e+00 0.000000000000000000e+00
8.104581451416015625e+01 0.000000000000000000e+00 0.000000000000000000e+00 0.000000000000000000e+00
7.484609222412109375e+01 0.000000000000000000e+00 0.000000000000000000e+00 0.000000000000000000e+00
9.036413574218750000e+01 0.000000000000000000e+00 0.000000000000000000e+00 0.000000000000000000e+00
8.250740051269531250e+01 0.000000000000000000e+00 0.000000000000000000e+00 0.000000000000000000e+00
7.412667846679687500e+01 0.000000000000000000e+00 0.000000000000000000e+00 0.000000000000000000e+00
7.795570373535156250e+01 0.000000000000000000e+00 0.000000000000000000e+00 0.000000000000000000e+00
7.882661437988281250e+01 0.000000000000000000e+00 0.000000000000000000e+00 0.000000000000000000e+00
7.690045928955078125e+01 0.000000000000000000e+00 0.000000000000000000e+00 0.000000000000000000e+00
6.649546051025390625e+01 0.000000000000000000e+00 0.000000000000000000e+00 0.000000000000000000e+00
7.051248931884765625e+01 0.000000000000000000e+00 0.000000000000000000e+00 0.000000000000000000e+00
7.356140136718750000e+01 0.000000000000000000e+00 0.000000000000000000e+00 0.000000000000000000e+00
7.429950714111328125e+01 0.000000000000000000e+00 0.000000000000000000e+00 0.000000000000000000e+00
6.287893295288085938e+01 0.000000000000000000e+00 0.000000000000000000e+00 0.000000000000000000e+00
5.697042846679687500e+01 0.000000000000000000e+00 0.000000000000000000e+00 0.000000000000000000e+00
7.010205841064453125e+01 0.000000000000000000e+00 0.000000000000000000e+00 0.000000000000000000e+00
6.608358764648437500e+01 0.000000000000000000e+00 0.000000000000000000e+00 0.000000000000000000e+00
6.890576934814453125e+01 0.000000000000000000e+00 0.000000000000000000e+00 0.000000000000000000e+00
6.574880981445312500e+01 0.000000000000000000e+00 0.000000000000000000e+00 0.000000000000000000e+00
7.364607238769531250e+01 0.000000000000000000e+00 0.000000000000000000e+00 0.000000000000000000e+00
5.257696533203125000e+01 0.000000000000000000e+00 0.000000000000000000e+00 0.000000000000000000e+00
