8.864204118139657276e-05
2.557734465128788551e-05
9.070344373212968776e+02
2.115220269950425973e+03
1.145740455558565600e+03
4.474445134049497597e+02
9.072214970779454006e+02
9.400152360581064386e+02
8.915917008641603161e+02
1.279972423886908928e+03
4.445168807242465618e+02
5.788353386674075409e+02
5.868536855970338593e+02
1.098292192318783464e+03
8.000686909405061442e+02
1.192324868780521683e+03
8.212143590076956343e+02
1.097978564048588396e+03
7.879451496096455685e+02
7.226376736168908792e+02
8.934827299483563365e+02
6.155607809035932405e+02
1.113091074278886708e+03
8.680124867346777364e+02
1.080504996260357757e+03
9.727309637462083174e+02
1.244370004670453909e+03
8.781089660686790239e+02
1.029646842892394261e+03
7.341843620944268878e+02
9.468697236762398006e+02
1.136090265117837134e+03
1.173429290782158205e+03
1.063209680450495625e+03
1.098542401022972399e+03
8.839118944777505931e+02
1.279758194606728921e+03
1.128918087477506333e+03
9.975592722323807493e+02
9.963290868530207263e+02
1.588061216453493216e+03
1.108357411950751157e+03
1.356968594216317797e+03
1.093730619342173668e+03
1.396961790222255331e+03
1.082369787834287990e+03
1.070605148881056493e+03
1.662678260793218897e+03
1.251282858757647318e+03
1.395050220012390810e+03
1.306143189733415511e+03
1.424180303272829178e+03
1.877958291524644210e+03
1.428388588121572639e+03
1.749517414581411686e+03
1.605929497343705179e+03
1.785988204560706890e+03
1.589949200030953307e+03
1.269855714157024750e+03
1.473425463598296574e+03
1.699464095067874268e+03
1.564786585864850167e+03
1.570726175728155113e+03
1.907838776801195763e+03
1.992410418791112534e+03
2.034091431682804114e+03
1.701932525650101752e+03
1.630331252673179051e+03
1.822669727574826311e+03
1.845873350599120613e+03
1.525917225939046148e+03
1.880845919725774138e+03
1.657647193856263812e+03
1.673187637274047120e+03
2.137932870102647030e+03
1.570398598599460229e+03
2.513583807571011221e+03
2.193181546620344307e+03
2.016988666134116784e+03
1.760533865303296807e+03
1.918417044977695014e+03
1.610515139948360229e+03
1.912817472354199481e+03
2.349457833334928637e+03
1.741738722577004410e+03
2.175451039361856147e+03
2.042459538109043706e+03
2.549795005639392457e+03
2.242143363529798535e+03
2.375364510232344855e+03
2.097808900741270008e+03
2.202061579151294154e+03
2.384147641171966825e+03
2.624945775029848392e+03
2.675663262549245246e+03
2.488140268671167178e+03
2.082198820603887725e+03
2.218029001106710439e+03
2.138769039161618821e+03
2.635339519474567169e+03
2.944015549286500118e+03
2.414229827260046932e+03
2.553860420023444476e+03
2.488027586477073328e+03
2.793294310699305697e+03
2.857424453156318123e+03
3.348794781819111449e+03
3.460005497010895397e+03
2.273918523253191779e+03
3.156185429295039285e+03
3.134370485632982309e+03
3.139743928503678944e+03
3.090051725492545756e+03
3.408298628116135205e+03
3.287011950097890349e+03
3.032758645872850138e+03
2.999665741275965047e+03
3.118339884514364712e+03
3.044276759980876705e+03
3.154370425354375584e+03
3.647538028744590520e+03
3.459697874986210991e+03
3.137569821854917791e+03
4.000045359032586020e+03
3.272122907983413825e+03
3.343357541552270959e+03
3.627057333447647125e+03
4.019459606877873284e+03
2.974951329704172167e+03
3.393785516436104444e+03
3.295725332813793557e+03
2.931881889385971590e+03
3.920334642896022160e+03
4.587254334736380770e+03
3.963978499808988545e+03
4.093219478578105736e+03
3.742355145651426028e+03
4.004169010542549131e+03
3.836767234184546396e+03
3.773522923727358830e+03
4.682152355374892068e+03
4.239097887597894442e+03
4.384334876559879376e+03
3.960569860946732661e+03
4.284869691362417143e+03
3.925124204271023245e+03
4.405166534846975082e+03
4.002736471146840813e+03
4.199558753709051416e+03
4.116994943966626124e+03
4.308973747700829335e+03
4.041660240968051312e+03
4.492229942854550245e+03
4.088720121245703922e+03
4.251929038748658968e+03
4.590867083712290878e+03
4.556839766801496808e+03
4.657641739855993364e+03
4.678114911541921174e+03
4.690520422388785846e+03
4.532313773304702408e+03
4.943516497933863320e+03
4.850885690760349462e+03
4.207661297579441452e+03
4.593761365834411663e+03
4.461656506405317486e+03
4.802657267354629766e+03
4.595460044156104232e+03
5.209093515485720673e+03
4.410810502244935378e+03
5.354269066091959758e+03
5.176197915154164548e+03
5.329249685927301471e+03
5.296842433484654066e+03
4.897808055591752236e+03
5.414335072414578462e+03
5.275657994999259245e+03
4.638804963385981864e+03
5.026017399537780875e+03
5.130690626694453385e+03
5.236006174780664878e+03
5.634074229057233424e+03
4.962337409512601880e+03
5.987463565380704495e+03
5.234989276275573502e+03
4.930098730353372957e+03
5.290077491015662417e+03
5.221241489251072380e+03
4.696368821330013816e+03
5.112044441248723160e+03
5.854042012106102447e+03
5.171251908300565447e+03
5.280976408911684302e+03
5.787551315392796823e+03
4.848798343802562158e+03
6.048707388621358405e+03
5.013783085584528635e+03
5.644204941939989112e+03
5.210197061345369548e+03
6.059874019406530351e+03
5.136958258288223078e+03
5.672625944275651818e+03
5.161423317657270672e+03
5.685290139996862308e+03
6.045557215308202103e+03
5.625691802578601710e+03
5.292603120722681524e+03
4.933298319375110623e+03
5.539161206231754477e+03
5.389712587092512877e+03
5.184397536755685906e+03
6.459598918989061531e+03
5.955700716830354395e+03
5.839087531806918378e+03
5.463728794345631286e+03
5.729832790420685342e+03
5.390079836900774353e+03
5.371105020603377852e+03
6.074647740895197785e+03
5.590159224213056405e+03
6.200813136403106910e+03
6.005106824710452202e+03
5.545693934907099901e+03
5.888699017820961672e+03
5.552373374840922224e+03
5.736786539552548675e+03
5.628685327387574034e+03
5.092236475761964357e+03
6.102593159601176922e+03
5.330043246828910924e+03
5.853760298119628715e+03
6.371049641664677438e+03
5.328427820567547315e+03
6.118478739510593186e+03
5.512207847748125459e+03
5.318481652775155453e+03
5.714913875075077158e+03
5.789031723379041068e+03
5.878735050771636452e+03
5.988882155430421335e+03
5.083149603819490949e+03
5.084831918401163421e+03
5.756651473903852093e+03
5.198971700723489448e+03
4.699730777917822707e+03
4.867824631531453633e+03
5.134842313863736308e+03
5.008821430611867981e+03
5.749049918412378247e+03
5.389506277032701291e+03
4.949950592530093672e+03
4.948570161824049137e+03
5.003026580170580928e+03
5.167682960432802247e+03
5.393089279970520693e+03
5.084247139583807439e+03
5.007987734721668858e+03
5.606607967132680642e+03
4.978278353692486235e+03
4.537307793728527940e+03
5.185718759025386134e+03
5.512200926520923531e+03
5.003916272933163782e+03
4.924621218414422401e+03
5.033419404117377780e+03
4.899412787570556247e+03
5.230102885508001236e+03
4.780386642653337731e+03
5.117272860396978103e+03
5.064081288596241393e+03
4.408499891965698225e+03
4.866074116681512351e+03
4.579993469244185690e+03
4.736993514024944488e+03
4.772671304869306368e+03
5.306543025229607338e+03
4.985486754388323789e+03
4.203290802622442243e+03
4.380498808915825066e+03
4.136136288064558357e+03
4.629986630231811432e+03
4.055035956338008418e+03
4.347127262962791974e+03
4.085898524226250174e+03
4.341771821803336934e+03
4.488709810371081403e+03
4.220550822250187593e+03
3.973888365874279771e+03
4.643405689173311657e+03
3.964960345046017210e+03
3.586013498729697403e+03
4.248161806891052947e+03
4.621410904892313738e+03
4.472946166475864629e+03
4.092157262679243104e+03
4.272848407441653762e+03
3.857822308594415972e+03
3.751053689348549142e+03
3.873888353592752992e+03
3.981816108404087572e+03
3.796379914675497730e+03
3.600035808019105389e+03
3.495953222379324870e+03
3.438970098654135199e+03
3.265558160646358829e+03
3.555511064255651490e+03
3.740798607860446282e+03
3.345935357650530477e+03
3.401522457544081135e+03
3.532405652184454539e+03
3.336594905108358944e+03
3.506095671277128531e+03
3.878160606727069535e+03
3.460739785373075847e+03
3.387361636032714614e+03
3.186279654866957571e+03
3.079686313970949413e+03
3.170096318211851667e+03
2.981535399197614424e+03
2.878112788023614030e+03
3.194951338613552707e+03
3.034984599578052439e+03
3.274453817390119184e+03
2.755846749658689532e+03
3.064981941116661346e+03
3.129893869682768582e+03
3.086544252221228817e+03
2.952830904837785056e+03
2.658571474089513686e+03
2.822621689457879711e+03
2.718329991169578989e+03
2.585203237941108910e+03
2.668342469960839480e+03
2.554170373067875971e+03
2.769124534733740347e+03
2.619136125641929084e+03
2.472551794514367884e+03
2.695308634603944938e+03
2.553121514179353653e+03
2.614592554270115215e+03
2.678810923383231057e+03
2.650525971038442549e+03
2.576645000786845685e+03
2.485558877591003238e+03
2.399832621887467667e+03
2.474310157237619023e+03
2.215973826531190298e+03
2.164974353773414350e+03
2.494811503858074047e+03
2.114151912395330328e+03
2.275222497803857550e+03
2.417678501381167280e+03
2.146575135938668154e+03
2.177760217920844298e+03
2.030223477606881943e+03
2.160854854845053978e+03
2.288077985725236886e+03
2.112516248735037152e+03
2.027506245087229217e+03
2.170749717406075433e+03
1.969657578269204350e+03
2.066568183296687948e+03
2.037351313837285034e+03
1.826340258644646610e+03
1.919374294240660674e+03
2.013406591088103141e+03
1.792044470908344920e+03
1.779717181721016459e+03
1.963203105481187549e+03
2.006775293878192770e+03
1.822144506043146521e+03
1.786669997197745715e+03
1.859531840964510593e+03
1.846458187399337930e+03
1.975443603172619078e+03
1.800202379142835525e+03
1.553498884353826043e+03
1.785800576744662749e+03
1.798322647734469911e+03
1.703519129133929255e+03
1.691790036633401996e+03
1.681415509477810701e+03
1.610451314388437822e+03
1.567633265669925095e+03
1.615454356219049942e+03
1.664162753159586373e+03
1.587568771201797517e+03
1.532347655712580263e+03
1.671995078811037047e+03
1.543335585142616310e+03
1.641324707363675316e+03
1.489225752136172787e+03
1.444139603896721155e+03
1.531727121510735515e+03
1.259493804921592982e+03
1.288849785425186383e+03
1.302172296621567284e+03
1.357964358512988383e+03
1.320453662801985274e+03
1.385280742815974918e+03
1.335042897181456283e+03
