3.031545684247625208e-15
3.633461489505690741e-17
1.182926651065717124e+03
1.187182824627525861e+03
7.319962674934109828e+02
4.300291247913217489e+02
4.445607177941521400e+02
3.277358518127530829e+02
2.386158963925371097e+02
3.198761729279520409e+02
1.830626259534181486e+02
1.733414494973680178e+02
2.049895006480663540e+02
1.911132612219085445e+02
1.565435814013079607e+02
1.493300944295734212e+02
1.414351266949987007e+02
3.185748060262544641e+02
1.932745960154883846e+02
1.848449900677529172e+02
1.793142523497812135e+02
1.838053884477213842e+02
1.767969964326179593e+02
1.927595844973842532e+02
2.853378610956080479e+02
1.859690939688312881e+02
1.713075546482698712e+02
1.993962292993012682e+02
2.804400834537301535e+02
2.018823340627606626e+02
1.999817436521353500e+02
1.717233330917457295e+02
2.133652895686075510e+02
1.836075714621429995e+02
1.881142355417469219e+02
2.004389333571518819e+02
1.805866099360966075e+02
1.558403150521504870e+02
1.742959124413962684e+02
1.568122850844079608e+02
2.277785908375953454e+02
2.053221627223923349e+02
2.182215804475702896e+02
2.296373450138419514e+02
1.860966187978023640e+02
1.841081888204264487e+02
1.448747083352858454e+02
2.304139977127784107e+02
2.067463515138592243e+02
1.568758100625572354e+02
1.852547771978947253e+02
1.877318538918970887e+02
2.284646330587291345e+02
2.199415575997967380e+02
1.846817357326115427e+02
1.629567870318116434e+02
1.739156886208291155e+02
2.337771529816913301e+02
1.852240841389989612e+02
1.777632518786221851e+02
2.154288238160910964e+02
2.196765277913365821e+02
1.972629789732795587e+02
2.004059862673816781e+02
1.888549327934411792e+02
1.809134090913241835e+02
2.319121158874841342e+02
2.578425404630262392e+02
1.919823370949584387e+02
2.042915159260906819e+02
2.111990317841462002e+02
2.326087287777899064e+02
2.306299664483952085e+02
1.850543404140260577e+02
2.064240809890067396e+02
1.907655660035122764e+02
2.494764151819895801e+02
2.470348565488934014e+02
2.497534703662377353e+02
2.305549092922323098e+02
2.030554584170759256e+02
2.445596964323536895e+02
2.436927446768646917e+02
2.137872515056427289e+02
2.177623625810653891e+02
2.409615559522465560e+02
2.703533871265161679e+02
2.820111439254046104e+02
2.767977121949002139e+02
2.659611002760111091e+02
2.756354819478997911e+02
2.992270273263854392e+02
2.264569501499016440e+02
2.499549142815439495e+02
2.868558301557970367e+02
2.299075736276730311e+02
2.128049060627654114e+02
3.192424011383046718e+02
2.272084463102654865e+02
2.471244755001943361e+02
2.796527723132534788e+02
2.819817174380830807e+02
2.786945687001904162e+02
2.837191653728467600e+02
2.061001287679728193e+02
2.501232603227445566e+02
2.597425348990775547e+02
2.530036904180693966e+02
2.711678962487653166e+02
3.136254714256639886e+02
2.994607012494969354e+02
2.656496029304365720e+02
2.655496332457099129e+02
3.050295039159594808e+02
2.565906305451210869e+02
3.125367320972802645e+02
3.304161800690886253e+02
2.930472042681336688e+02
3.418646471321443983e+02
2.678250079701975892e+02
2.949945062350773810e+02
3.240543657879878765e+02
2.688185144073771653e+02
3.624278900853871050e+02
3.319786274376660344e+02
3.169083152239420542e+02
2.984330433986129947e+02
3.216308231071215573e+02
3.148254092506793995e+02
3.015511913089130758e+02
2.920269192801652594e+02
3.219292640700527386e+02
2.846549799663041540e+02
3.491176730067452922e+02
2.952945394413488884e+02
3.024062852810872073e+02
3.355394468048136218e+02
3.820917092324403939e+02
3.445380608749906060e+02
3.787848517120270344e+02
3.721488939027270249e+02
3.365014889880468445e+02
3.600855912056124453e+02
3.448945975955632548e+02
3.325405162741453751e+02
2.791456376112686826e+02
3.376940563884529070e+02
3.811042428902798633e+02
3.738244248017674067e+02
3.787105289768855414e+02
3.776334007959788437e+02
3.576628120093529901e+02
3.568150744251448145e+02
3.992986012999056129e+02
2.845091941688791053e+02
3.621522638692016471e+02
3.843938599327867678e+02
3.378015691948585868e+02
3.578108202373830409e+02
3.553382495174411702e+02
3.766341402939179943e+02
3.834701967454391820e+02
3.554299883090755543e+02
3.585439505117236649e+02
3.389353478171040024e+02
3.484822150050636083e+02
3.810931537762961625e+02
3.620776810011989255e+02
3.677135103514521006e+02
3.948684091297001828e+02
3.957138854336680538e+02
3.145917749621166308e+02
3.626935965102030650e+02
3.380494827978870944e+02
3.460883810190429699e+02
3.795561551628150028e+02
4.272945909211978801e+02
3.638151151146283269e+02
3.911777099746859676e+02
3.288038992301188728e+02
4.207126238735186803e+02
4.191310166921085170e+02
3.560044598197148389e+02
3.679187101305632837e+02
3.351662967614095692e+02
4.073136921755495337e+02
3.962820404671587653e+02
3.850380619489398555e+02
3.409114881635107395e+02
3.962434109183359396e+02
3.234743287014567272e+02
3.995583293438516534e+02
3.907242896056481527e+02
3.989190639845650139e+02
4.171947290834256705e+02
3.960894230923344139e+02
3.835503959406260606e+02
4.149890247990449552e+02
3.961262288760563024e+02
3.847456775996001284e+02
4.052152038585717264e+02
3.626513713373698806e+02
3.829227904483815905e+02
3.707681055577592133e+02
4.052323492725516303e+02
3.747203283841294592e+02
3.790257007624862808e+02
3.764741590525904940e+02
3.660701694164647506e+02
3.551592593313698671e+02
3.591508002810630842e+02
3.535855301507990021e+02
3.505580821618777918e+02
3.230203547859313744e+02
3.480521998388945804e+02
3.692608044514881271e+02
4.181640917567366955e+02
3.778583451490954985e+02
3.348943250018518256e+02
3.807141108071567146e+02
3.369766462086188881e+02
3.502529368355893666e+02
4.091686104863474043e+02
3.441349241706402040e+02
3.582270334075831784e+02
2.871780400137894844e+02
3.774104420066420289e+02
3.795899664586614222e+02
3.069762635135527375e+02
3.799039841473909291e+02
3.582438239849089427e+02
3.917327907428705203e+02
3.353695580477255476e+02
3.671581902213240483e+02
3.619874371947814780e+02
3.486108975364928710e+02
3.696099830682251195e+02
3.220439556919761230e+02
3.310937590667998052e+02
3.215272616179562419e+02
3.302574480832395807e+02
3.258748126799046645e+02
3.272565420618619214e+02
3.436642604010542073e+02
3.335988611217822495e+02
2.771964960703210181e+02
3.461402238719515481e+02
3.480273048483890079e+02
3.319686073319677462e+02
3.044831902429367005e+02
3.417167970680588382e+02
3.165478982135041406e+02
3.083818054236422199e+02
3.195669692901075791e+02
3.149112382447999607e+02
2.914215703770523760e+02
2.924020352322988856e+02
2.818769498373488318e+02
2.934470793109560987e+02
3.091625423099696377e+02
2.938021544607228179e+02
3.133629522376007230e+02
2.709501056317147913e+02
2.936186516100806330e+02
2.924049593011483239e+02
2.807889799500464960e+02
2.830524204693080037e+02
2.897801722749331361e+02
2.903882367411889049e+02
2.863502865379994660e+02
3.311396898205299522e+02
2.604850954225420310e+02
2.874952585788518036e+02
2.766503944145023297e+02
2.706572445588908522e+02
2.540194651004745481e+02
2.908452791531061621e+02
2.755144597135695790e+02
2.498234453372114103e+02
2.550921136516614354e+02
3.066472936958419382e+02
2.628848918897118097e+02
2.766290416880247562e+02
2.621933514178639939e+02
2.593456644754413674e+02
2.636568602462294848e+02
2.733854775676015834e+02
2.543681716235672070e+02
2.236380512205619198e+02
2.452886793128111833e+02
2.456328009546195688e+02
2.278566938725018929e+02
2.320148983334582056e+02
2.599175337401697448e+02
2.441499323966873476e+02
2.161683706680001649e+02
1.976691022407831895e+02
2.022348088786497158e+02
2.177492082012394690e+02
2.354242963817089560e+02
2.104777673247405119e+02
2.326594748776361712e+02
2.462568127608257385e+02
2.092136221605545074e+02
2.109875702218230913e+02
2.134983726239090913e+02
2.050418106283066777e+02
1.898118786600195165e+02
2.012914579720936104e+02
2.112223701545275958e+02
1.952250583658248786e+02
2.041319911022386862e+02
1.980756559408764588e+02
1.715866736591866299e+02
1.947465170283117857e+02
1.770942656815019802e+02
1.878040770775023418e+02
1.900078646824534871e+02
1.654783610305712500e+02
1.666987397414602015e+02
1.798726934932363690e+02
1.954972046089356184e+02
1.786880823017932585e+02
1.785173287861652227e+02
1.749567281696645580e+02
1.520149716496156884e+02
1.773941104821474255e+02
1.477107956507341555e+02
1.607439908107263307e+02
1.620407787235664046e+02
1.536238835410017884e+02
1.522416464300930272e+02
1.542140082318387897e+02
1.468269328394370064e+02
1.563286746337464024e+02
1.440066064050561181e+02
1.397464606720105280e+02
1.372116908112728879e+02
1.483615077847908879e+02
1.553334671916484808e+02
1.428369160317968181e+02
1.486342113792004227e+02
1.459406927392154216e+02
1.354416487342840298e+02
1.331321749882056054e+02
1.395008440978621422e+02
1.421966188292824995e+02
1.273659509907022311e+02
1.217216761915292125e+02
1.250053719322161214e+02
1.288797273566981403e+02
1.124961510491930312e+02
1.416049973493500431e+02
1.183999889094219924e+02
1.189165457946650548e+02
1.076564736005502994e+02
1.194058788682179824e+02
1.065805295213166346e+02
1.092747332423386553e+02
1.034149753383653803e+02
1.010500267875316212e+02
1.108748046282115070e+02
1.028023260322830339e+02
1.036079171251785169e+02
1.084416157513341545e+02
9.407926381344717015e+01
9.475446534710773960e+01
1.121119565552307051e+02
9.673284596753558162e+01
9.994875544200635886e+01
1.003986757628136104e+02
1.044535843677356013e+02
9.198812560945489736e+01
9.340415345658233548e+01
9.286861673376498061e+01
8.492797696966516696e+01
9.161980195350258782e+01
1.029453835675156768e+02
9.626556355302278689e+01
9.366156065055466229e+01
9.096263173000100721e+01
9.269444156646216015e+01
9.002876328213592672e+01
9.079813219175916572e+01
8.906782530705439171e+01
8.439860162086151263e+01
9.245210329892266543e+01
8.392387256517153560e+01
7.747121651811197296e+01
8.415123243144496712e+01
9.160854412750376241e+01
7.903921103880753662e+01
8.611805459359872827e+01
7.966152957185353500e+01
7.973917495781923037e+01
7.419485108587923605e+01
8.196515905254923950e+01
7.341978251510359144e+01
8.343381836185898237e+01
8.243894451068383944e+01
7.654730601047803873e+01
8.090290166938189031e+01
7.707021690775542311e+01
8.342505074047942060e+01
7.845839738572614408e+01
8.057582471959109682e+01
7.674193820539031208e+01
7.449610174069418633e+01
7.666067960509521129e+01
7.860265436467290101e+01
7.791867276693926669e+01
8.017478278219111587e+01
8.287216078483935178e+01
8.180277008035803021e+01
7.842949244729727809e+01
7.614227232192574490e+01
8.021446726178022857e+01
7.528990646332407266e+01
7.660024015880213710e+01
6.881989150550950285e+01
7.883474051139745598e+01
7.516467730156303162e+01
8.369545988636288314e+01
7.900725860724762128e+01
7.765547976702583810e+01
7.852752360328061343e+01
8.351498638079603154e+01
8.097667896922735054e+01
7.795220739896045359e+01
7.813991972122205709e+01
8.139510222188462762e+01
8.094910410567317172e+01
7.580822986731163837e+01
8.381585879714769760e+01
8.349868532459868220e+01
7.898516790315908054e+01
7.763400096721365173e+01
8.656023316269160262e+01
8.613529217088265000e+01
8.402171425104779701e+01
8.060624612303566039e+01
7.596903683450614153e+01
7.944305627199220510e+01
8.610972396474279833e+01
7.863579023306699867e+01
7.624366917907917696e+01
8.296303170381740699e+01
8.436806591912531417e+01
8.693575658700636666e+01
8.871427973134296963e+01
7.933360196081301297e+01
8.029011343693051117e+01
8.516045342201863377e+01
8.521706511434713605e+01
8.914247809725866034e+01
8.767525613103310889e+01
9.014701220440326779e+01
8.354335081560019205e+01
8.911306443209929284e+01
8.351153744949499469e+01
8.407729867051347128e+01
8.983580707634139628e+01
9.371393454200241990e+01
9.025143065525790576e+01
9.425129142536067661e+01
8.003456357583957015e+01
8.234040248139658047e+01
9.275023330396977883e+01
9.443377453059427751e+01
8.794960245511111907e+01
9.035563605080224647e+01
8.756621452579221909e+01
8.918235807116793978e+01
8.928666560876895630e+01
8.568074623117918520e+01
8.939801591756108223e+01
8.915484808706820274e+01
9.205623959496995212e+01
9.334636414974600882e+01
9.699887351193642360e+01
9.125284514424397742e+01
8.899757428571463436e+01
9.076472389964129661e+01
9.593365343964239855e+01
1.028052648007569161e+02
9.282962570534428437e+01
9.579110071650326574e+01
9.395319480136038237e+01
9.961016423655173924e+01
9.282553367561311575e+01
9.759957208650133964e+01
9.979755551266552516e+01
9.069932584273583132e+01
8.647872360283611215e+01
9.806341695606147368e+01
1.042482980048911969e+02
9.976564605164465149e+01
1.022271460598816049e+02
9.550527132075808368e+01
9.030156808892259335e+01
8.863909314277286455e+01
8.957000616311908914e+01
9.991016816054241190e+01
9.929679819010765129e+01
9.743255649963435872e+01
9.847840732483483350e+01
1.071452102410495968e+02
1.032530400838176803e+02
1.057047451929990132e+02
9.899449897179715663e+01
9.810888105852509966e+01
1.037713060218932242e+02
9.376000107875958633e+01
1.004828713676346155e+02
9.757119828911326920e+01
9.241892853469170177e+01
9.714490397529033316e+01
1.012953193440113893e+02
9.318525860243344994e+01
1.023762267804062418e+02
8.871224224266096314e+01
9.878403041504992643e+01
9.693687064852390733e+01
1.020787488167311494e+02
1.028770289484290004e+02
1.008637184710602241e+02
1.011089948273019985e+02
1.076872900330641443e+02
9.928488922690755203e+01
9.376391493224396356e+01
9.510177584261138861e+01
1.015356612072471876e+02
9.939532958023774256e+01
9.384980637496310862e+01
9.705932999448452847e+01
9.631898354580019372e+01
1.049511541679100475e+02
1.016318741298679100e+02
9.920072327209959440e+01
1.014714976334911967e+02
9.487941940290171772e+01
1.007580250341142971e+02
1.054258506027228321e+02
9.175773301340176147e+01
9.389772798280793609e+01
1.000008361159535610e+02
9.581432230965577901e+01
9.812611500396370445e+01
9.824194708323892655e+01
1.018880307016158184e+02
9.607186585854708483e+01
9.504975175699705403e+01
9.800482912803545332e+01
8.928701225960422505e+01
9.945319074879671462e+01
9.167414533443941593e+01
9.408568995657755352e+01
9.427723693775078573e+01
9.368295967513444111e+01
9.168537453597156173e+01
9.766740574778744133e+01
9.410576798908711282e+01
9.060918809908648086e+01
8.499553370311255662e+01
9.869682932741139325e+01
8.918257082870314889e+01
8.750484664098678422e+01
8.862156754585198826e+01
9.316676430769732065e+01
8.858801484970678075e+01
8.371287648697382622e+01
9.013473822801019253e+01
8.632836682260867178e+01
8.693425779125450958e+01
8.554967200213846468e+01
8.719822623710275877e+01
9.024471822424816025e+01
9.057597216168504417e+01
8.359107681026912928e+01
8.593815478584787115e+01
9.330942494911325014e+01
8.265786501123545804e+01
8.132632584476446880e+01
8.513802540200632052e+01
7.746137150616436884e+01
8.269023460094639688e+01
8.238980638754516406e+01
8.030885234424464159e+01
8.977496632850790093e+01
7.981534183584399500e+01
8.451362878274996149e+01
8.812203796689654212e+01
7.737834739046932953e+01
8.577040206483063400e+01
8.128498808283173105e+01
8.069996809741185473e+01
8.213631930722534946e+01
8.511018891441581502e+01
7.723871202618470022e+01
7.540712605203104602e+01
7.445831677135447535e+01
7.803793513653782554e+01
7.343720583752519815e+01
7.460161897577883394e+01
7.655300335767951481e+01
7.807839821767926480e+01
7.757376258483557763e+01
7.518848535171677838e+01
7.567606477731781922e+01
7.136735735008545589e+01
7.264946230197497812e+01
7.232053836711838812e+01
6.874991193841296422e+01
7.252864832331368916e+01
7.352872049232489360e+01
6.980191460384237701e+01
6.916510401854905865e+01
7.003907446971406614e+01
7.138481213197322006e+01
6.686182766860841298e+01
7.069584830992258162e+01
6.413480682148160383e+01
6.856736596665648165e+01
6.817678559392896886e+01
6.800349563634885897e+01
6.792899378429200397e+01
6.910924024476064176e+01
6.405956367266568918e+01
6.305404901796440953e+01
6.490697737413819368e+01
6.671789259024666308e+01
6.538770485511147967e+01
6.234828482969827945e+01
6.306558291303193187e+01
6.458345115042745022e+01
6.923917798561555514e+01
6.552846774359242943e+01
6.390719625496091538e+01
5.878682002302882381e+01
6.008090827315591298e+01
6.761841104528110691e+01
6.223825911526579091e+01
6.684821150784686949e+01
6.143371214750565912e+01
6.646029868311165956e+01
6.521380943720762957e+01
5.851045853913336714e+01
6.096143365399444036e+01
5.652380530360541400e+01
6.474585461652497997e+01
6.120232134197129170e+01
6.152300900631988156e+01
6.096628206279343232e+01
6.135857481165291460e+01
6.263015627839983068e+01
6.461197820332148467e+01
5.707424915519411712e+01
6.555342820150637806e+01
6.073639685645528630e+01
5.778105580838820998e+01
5.887357415078931666e+01
5.789745917214884230e+01
5.545761929793284395e+01
5.781373462464289759e+01
6.242262139039743118e+01
6.033302542049226957e+01
5.542380364270720605e+01
5.630799102712231274e+01
5.972148207731451919e+01
5.597289811212504418e+01
5.692242959041280415e+01
5.733756060373107033e+01
5.864256771561567660e+01
5.974160528946339355e+01
5.750270237213076996e+01
5.715132345047388895e+01
5.437987794735888514e+01
5.758197933738429697e+01
5.842523261828693393e+01
6.006529880230792884e+01
5.823429139924284215e+01
5.757012886324187662e+01
5.334354528470945667e+01
5.647467330263564378e+01
5.495913509031256439e+01
5.434854926673658326e+01
6.023008897831839192e+01
5.808313559089651790e+01
5.896671936510809076e+01
5.884878404206318692e+01
5.738586620154315909e+01
5.711994999156292607e+01
5.740391493041137494e+01
6.009142619364145332e+01
5.814113535564207780e+01
6.350292075323575602e+01
6.245559410473450157e+01
5.716871004321060212e+01
5.676505764247414021e+01
5.497112278667288621e+01
6.190340729291698096e+01
5.686631897966125138e+01
6.021734884314810188e+01
6.327645611363463729e+01
6.227853009628240244e+01
6.381159303403595828e+01
5.828605900959707498e+01
5.929334009291409302e+01
5.818291733821398992e+01
5.889888393943458311e+01
5.869186101555713009e+01
5.964151733585009652e+01
5.852071315090464054e+01
5.854390406855788598e+01
5.935887365370480495e+01
5.982112334633504247e+01
5.869007491688330447e+01
6.091291126279558910e+01
5.912042374610266648e+01
6.005830215839991126e+01
6.265835174653107487e+01
5.801286313678887296e+01
5.516214514006641423e+01
6.041658701500315942e+01
6.089625620915757054e+01
6.048557214226183021e+01
5.743001683961580994e+01
6.032096910354993469e+01
5.979262595180950512e+01
6.451929106516588774e+01
5.588149966912182265e+01
5.972869182808591404e+01
6.173442886036910693e+01
5.960617782780019525e+01
6.084909235138651695e+01
6.322407839647238603e+01
6.380907848580090302e+01
6.113874553133273082e+01
6.569741708484266951e+01
6.156906558475618141e+01
6.799240851547378384e+01
5.993045266693714268e+01
6.188309749673648952e+01
6.589475583793965541e+01
6.251764541572813272e+01
6.178091520234791290e+01
6.714940170883670589e+01
6.707880336700804946e+01
6.531523747008935743e+01
6.364555773689117046e+01
6.640995829993295274e+01
6.312871890432325017e+01
6.866714097032692621e+01
6.421292368283785379e+01
6.527370539073037037e+01
6.460763021075788970e+01
6.652344318691631031e+01
6.350430242257264979e+01
6.291477527975441575e+01
6.550422507882002776e+01
6.708073662673666604e+01
6.657729844252092732e+01
6.449026492033063107e+01
6.887361234605685922e+01
6.782126175966492099e+01
6.472835777489707709e+01
6.934338537066011554e+01
6.727757204127426860e+01
6.431813854853618295e+01
6.240677266033945614e+01
6.715686992673781219e+01
6.627279296103921524e+01
6.823748605589393890e+01
6.622633480380913795e+01
6.629142931182065013e+01
6.954183348059321190e+01
6.643857620253540119e+01
6.891392378150098352e+01
6.819412362113394011e+01
7.002585291734865791e+01
6.896919506927346788e+01
6.972016239363790646e+01
7.000022920250036407e+01
6.572212163567459697e+01
6.508480573745531217e+01
6.602243818402932618e+01
7.164462358253953767e+01
7.120133526400199742e+01
7.001882463882405716e+01
7.266212735842188408e+01
6.506400534419572068e+01
6.730899110557940901e+01
7.326531610523655047e+01
7.022071116212357822e+01
6.497620169313157135e+01
6.656757284288474352e+01
6.996784820076338463e+01
7.312811714967263299e+01
6.851264905932178806e+01
6.796809910753884765e+01
6.652533136478280085e+01
6.703492064085099855e+01
6.981259299951248920e+01
6.766991710509350355e+01
7.047593348069911201e+01
6.491824457335665954e+01
6.947017605761499226e+01
7.083633927336968839e+01
6.874006723655088535e+01
6.547544706121803415e+01
6.531726898526855507e+01
7.126933134526375113e+01
7.025471593563193551e+01
6.932448491631424758e+01
6.575492791844166618e+01
6.955524361815538725e+01
6.590052055450446744e+01
6.612154617134196144e+01
6.371014318101867246e+01
6.706023838865165487e+01
6.395742350626888140e+01
6.552298592233714203e+01
6.486383222248696256e+01
6.396119737496549362e+01
6.508687312844537587e+01
6.569677666128806948e+01
6.453051204595534784e+01
7.141652292852165829e+01
6.445775986377070410e+01
6.256991434260650209e+01
6.424595777800297469e+01
7.028654327214334785e+01
6.537748334180776055e+01
6.596202520101408595e+01
6.705997831110099128e+01
6.317984005065402187e+01
6.790815974927389220e+01
6.459838788983599045e+01
6.833639257636548336e+01
5.983751868961207521e+01
6.006421768796881366e+01
6.371819396479367725e+01
6.303377921852077037e+01
6.212032543446485988e+01
6.533119394897529730e+01
6.698682245438295979e+01
6.295931308494656520e+01
6.160539899961250399e+01
6.259227147249701773e+01
6.003568296327090792e+01
6.383394367344205733e+01
5.763773877659885159e+01
6.110650146953068429e+01
5.637111813309466157e+01
5.706406940405564399e+01
6.198615603116121520e+01
5.538206692974682710e+01
5.889395202485400915e+01
5.816219718272920858e+01
5.757108983181094430e+01
5.676286137103177509e+01
5.546865392291731212e+01
5.714837825361529866e+01
5.819169199914362878e+01
5.731305074773582930e+01
5.520531732172511852e+01
5.489615546377710587e+01
5.822787587351428584e+01
5.696702743501690946e+01
5.324991151566227643e+01
5.249146374467436260e+01
5.392860145494371693e+01
5.466898060525733172e+01
5.447416545652223618e+01
5.005309770504679534e+01
5.374973510428520740e+01
5.363068860846269104e+01
5.429743652764607731e+01
5.198699441807742261e+01
5.192817308920180608e+01
5.384868806192317692e+01
5.376395228523327319e+01
5.015496673001437244e+01
5.279365151699815328e+01
5.172426834999752288e+01
5.246628884095549239e+01
4.829742324210942428e+01
5.170835905039233893e+01
4.977920113195246188e+01
4.748944056102268263e+01
4.676046081844400959e+01
4.805446856608635642e+01
4.648747900564995916e+01
4.847047722026955796e+01
4.689671745700999139e+01
4.612685040801994774e+01
4.639578677715983446e+01
4.614304734319589585e+01
4.598987515965544759e+01
4.684853781276839868e+01
4.482840517607284880e+01
4.370243700501622897e+01
4.304369781811357143e+01
4.577966733808433020e+01
4.243324656921397064e+01
4.245858239557498592e+01
4.453119205514335732e+01
4.331351061276615155e+01
4.492857684385226946e+01
4.145278718623759318e+01
4.114558411535968219e+01
4.103106389004349808e+01
4.108109004092352734e+01
4.227017341412377505e+01
3.991770192439104648e+01
3.998192715195192193e+01
3.864663407168762177e+01
3.979748369246044604e+01
4.155255196435313536e+01
3.959951223227146500e+01
3.623050371491124366e+01
3.974493297201181718e+01
3.724225969589905816e+01
3.640932513814919957e+01
3.841486197444382356e+01
3.675750991230464138e+01
3.516921385805164135e+01
3.869693278490795052e+01
3.473038493345039512e+01
3.419964833683818739e+01
3.408457645734299746e+01
3.689446626217046799e+01
3.577112342345299822e+01
3.583787666881736556e+01
3.365851281835374920e+01
3.388441891419765994e+01
3.681641955852322923e+01
3.270274945953750034e+01
3.448876029750783800e+01
3.450905705969282167e+01
3.247352560912338504e+01
3.329376278311966075e+01
3.131356477350642464e+01
3.100740737065640573e+01
3.082146400500184313e+01
3.123542217086306749e+01
2.995267655074573909e+01
2.952542477394924347e+01
2.939807681874875911e+01
3.031864496330380376e+01
2.906507599025386313e+01
2.871521049533707881e+01
3.068050848143230880e+01
3.016937547069450076e+01
3.117193191593993973e+01
2.912894873060352197e+01
2.875208190260809715e+01
2.910234237179767547e+01
2.790568103124892829e+01
2.656088204069367364e+01
2.779704021701683914e+01
2.626558391606422305e+01
2.684027485540047309e+01
2.776105991240526905e+01
2.600130985287215424e+01
2.585900305647563968e+01
2.602416004251202253e+01
2.654839505176135717e+01
2.680420372638499060e+01
2.641618118834320583e+01
2.618591085110389116e+01
2.509169099892212529e+01
2.568143495558577527e+01
2.571339735046148078e+01
2.449942714772964081e+01
2.420975981589593218e+01
2.508088090345934162e+01
2.484662779221257978e+01
2.388310272018623692e+01
2.367141065247229648e+01
2.460027407170209557e+01
2.444114085438699391e+01
2.400367155105359984e+01
2.407052392504538219e+01
2.525304019050028614e+01
2.442487418656205023e+01
2.365224537495125645e+01
2.464761125761073046e+01
2.388803338747570137e+01
2.364425852511249460e+01
2.379033409469759874e+01
2.169907579033123213e+01
2.330286706087339965e+01
2.408358847610402265e+01
2.358580582451785901e+01
2.217476860305603381e+01
2.238305097169467928e+01
2.251269261147157152e+01
2.208009326581189313e+01
2.249021690474953417e+01
2.321177135672660086e+01
2.207169868987289618e+01
2.291844124118638959e+01
2.233486070810930713e+01
2.210327759591268304e+01
2.125751535853709129e+01
2.136994654813841166e+01
2.332854010825290558e+01
2.175771067908744882e+01
2.181769701255525717e+01
2.152416336493773130e+01
2.193022453565598084e+01
2.099499961764944800e+01
2.203421678009214801e+01
2.101734438881577915e+01
2.253677326902993983e+01
2.097696762051929653e+01
2.219340370497719661e+01
2.084152474124296006e+01
2.190131164321608992e+01
2.198907930636132946e+01
2.121412698910338435e+01
2.038532340550034050e+01
2.089686181135068210e+01
1.987642757145131611e+01
2.131084910523636111e+01
2.128298234736569228e+01
2.068025525970514167e+01
2.046732760374445803e+01
2.165202328915471952e+01
2.240885855013073424e+01
2.133964481328906260e+01
2.207174662468766613e+01
2.232681298817875515e+01
2.275953369557011285e+01
2.069214519547422171e+01
2.181798976786721767e+01
2.079033545991250165e+01
2.142115807588848142e+01
2.159733442415055649e+01
2.144827483114495692e+01
2.108186772096775030e+01
2.282163124444974756e+01
2.210632131516760168e+01
2.058616351251474796e+01
2.210498934623142375e+01
2.199257353905785095e+01
2.154130865265059924e+01
2.153270905749650410e+01
2.135651290686571002e+01
2.306373973316396686e+01
2.146527763283676649e+01
2.206263227371046298e+01
2.178198389562360049e+01
2.207136583897487370e+01
2.098234519386965857e+01
2.105491789445820316e+01
2.231510025630402083e+01
2.129649878475023428e+01
2.143403688769850390e+01
2.199129441511333383e+01
2.083813501372400268e+01
2.208794689190425942e+01
2.128091118311282770e+01
2.193669731144058943e+01
2.202599067934918864e+01
2.164893476672612493e+01
2.239682279947140131e+01
2.328118235641193934e+01
2.192754937263853066e+01
2.215410809868783559e+01
2.151821882622098769e+01
2.133331939623331408e+01
2.228116063595825480e+01
2.197833693001277666e+01
2.151990767316004138e+01
2.253287106906850568e+01
2.275918821869032271e+01
2.184887606854985620e+01
2.319363266918563937e+01
2.449565169060095471e+01
2.254926636659908468e+01
2.138553638128697543e+01
2.266291937266748846e+01
2.193225271793716757e+01
2.320642582635736773e+01
2.282093139742812937e+01
2.276780496831781520e+01
2.352964416066387443e+01
2.284684789540780869e+01
2.203479584462782270e+01
2.213370362123106716e+01
2.245667290641356573e+01
2.360525650267957687e+01
2.184062308011763420e+01
2.253876992321198003e+01
2.266424931098582718e+01
2.268263536488727183e+01
2.141283020502500989e+01
2.284613895957125607e+01
2.255027925326773186e+01
2.340219764735542540e+01
2.337723179534083329e+01
2.180296977503276423e+01
2.341138816870110873e+01
2.278487072796482238e+01
2.215350660458671328e+01
2.332100177858937684e+01
2.173232379913365264e+01
2.164988587620222305e+01
2.192616039265423922e+01
2.299046267940794053e+01
2.207854043187995430e+01
2.120643665077772155e+01
2.168418419645358597e+01
2.284804287487405361e+01
2.358357133018982310e+01
2.166092160134798661e+01
2.113520474590937681e+01
2.265033812981398498e+01
2.274894274571893860e+01
2.326395867660554373e+01
2.210443599253434144e+01
2.266695120612298808e+01
2.195638863806836838e+01
2.251019753701966053e+01
2.375652965875775990e+01
2.257640313305950741e+01
2.319472572001932420e+01
2.300583436454594732e+01
2.254237563893964236e+01
2.145286914040859116e+01
2.133431766476675051e+01
2.235082129489101277e+01
2.191961168943746330e+01
2.328180073954552043e+01
2.165722650516818959e+01
2.267505766377989929e+01
2.125088525908943993e+01
2.259324816427676197e+01
2.314147453487507633e+01
2.134735287007629623e+01
2.066349749885407405e+01
2.165020649923161855e+01
2.174741245381052224e+01
2.036232736096240359e+01
2.150062384094108126e+01
2.189146013593339646e+01
2.067642466338500640e+01
2.199596041480428710e+01
2.235274172372630375e+01
2.178077794639980880e+01
2.177388878434692643e+01
2.070895043336905417e+01
2.071024678612847580e+01
2.142681456103988680e+01
2.058782141799986931e+01
2.067949153859426303e+01
2.107703430900435393e+01
1.994094058231485178e+01
1.921840396754329205e+01
2.092367277684297378e+01
2.129072937610078853e+01
2.066069970967635427e+01
2.127898843163756126e+01
1.994916056992189723e+01
1.966081392177643750e+01
2.054654810273531851e+01
1.942342237461209109e+01
1.977238075173039178e+01
1.943474496513663041e+01
1.962430511356929230e+01
1.938676323506835075e+01
1.918668373220770462e+01
1.917440533595007324e+01
1.946278821543438653e+01
1.920921629280708842e+01
1.794279045599792610e+01
1.877192895132852968e+01
1.893987515841084956e+01
1.882173082260819541e+01
1.805671282325479154e+01
1.878380384931717373e+01
1.790630346893659208e+01
1.805974858509028991e+01
1.862322973396732451e+01
1.660088713693994222e+01
1.841257594376244455e+01
1.805019407263996101e+01
1.797981449953391575e+01
1.776617609491281513e+01
1.742198232996675245e+01
1.777675809811490382e+01
1.714764089650790879e+01
1.728500979428036999e+01
1.839741639449869126e+01
1.746444374735980887e+01
1.725811762768769952e+01
1.752835403315527429e+01
1.683690859211105462e+01
1.694907900156010427e+01
1.687758059752779261e+01
1.698202160570308550e+01
1.565716628483670370e+01
1.583896058442067023e+01
1.752793238881020699e+01
1.696982442276543779e+01
1.627805181695495307e+01
1.674123797469778197e+01
1.648224406294133004e+01
1.498969367515265461e+01
1.664322273252512119e+01
1.599077201918897551e+01
1.631342363474636414e+01
1.541879165722212974e+01
1.503684873691468482e+01
1.539511287377931481e+01
1.588706821235139799e+01
1.520341326576453334e+01
1.412852626307917525e+01
1.517766459876348151e+01
1.504073769035457175e+01
1.430185737691116898e+01
1.488875911798374041e+01
1.513768208844574836e+01
1.502380166369128744e+01
1.418800402708434660e+01
1.460847387165812350e+01
1.430904878203540775e+01
1.387561065693948947e+01
1.410790572284634337e+01
1.422583132502016845e+01
1.371430789188864452e+01
1.408971150953157725e+01
1.385149660839374341e+01
1.388403293321647247e+01
1.516212601850782171e+01
1.340768083290577017e+01
1.444663353976903508e+01
1.378213030584719867e+01
1.315587085811006318e+01
1.321360571182086474e+01
1.326114112169426740e+01
1.273224693819375197e+01
1.263725895635911023e+01
1.283315178886994978e+01
1.259110223413178531e+01
1.261135305901376391e+01
1.233717897245423956e+01
1.293670361917603984e+01
1.267717546889961433e+01
1.230372851935068468e+01
1.249867705222499303e+01
1.244946971468177033e+01
1.248926148178536266e+01
1.230710655525178865e+01
1.180565153637313003e+01
1.218679327059056128e+01
1.181796047150334594e+01
1.191436506541185736e+01
1.170016719584123521e+01
1.206070242407731463e+01
1.168709957351673978e+01
1.191917820748965795e+01
1.165872581545343678e+01
1.191271376130991477e+01
1.174182087391605833e+01
1.143890483691158444e+01
1.183462324082892003e+01
1.105648636907901228e+01
1.068482534209671186e+01
1.129990736126421602e+01
1.169070485891543854e+01
1.078363344914683886e+01
1.077075012239834528e+01
1.100136208816521233e+01
1.115436166243161864e+01
1.157877034567662733e+01
1.083315643894688307e+01
1.070553655118841796e+01
1.098525698985172383e+01
1.042393034732083734e+01
1.112598448550123997e+01
1.093110665950242399e+01
1.096289512806753486e+01
1.098714144664889325e+01
1.067218943801804265e+01
1.114289412901051968e+01
1.085029270304263171e+01
1.040330010653384996e+01
1.045657486075388043e+01
1.081668406804545057e+01
1.085980897494738073e+01
1.027945831055953896e+01
1.032934132490514756e+01
1.043188816251881335e+01
1.076302480708489462e+01
1.022889023948573239e+01
1.016431160459791094e+01
1.007758489375545174e+01
1.025608238739076228e+01
9.890603216114856266e+00
1.055208069009455230e+01
1.082159473894166624e+01
1.073110180186522555e+01
9.947311735850560055e+00
1.034599638438835179e+01
1.002888525424802246e+01
1.019949546474407143e+01
9.745290474902713385e+00
1.022532855537690821e+01
9.884757805113352447e+00
9.985758479587387271e+00
9.858380102548881752e+00
9.802031812421821755e+00
9.517996967756289450e+00
1.031400154487761789e+01
9.696899711380529752e+00
9.994307315889120247e+00
1.035976197242955443e+01
1.040668825914657170e+01
1.013796571361937993e+01
9.814197776022785646e+00
1.003176686034628595e+01
1.016434448324451978e+01
1.025409422933053527e+01
1.038061738961503622e+01
9.926867143542166261e+00
9.703528629786287496e+00
9.987960973553152044e+00
9.897268597263947143e+00
9.618017506560224916e+00
9.811958072881154180e+00
9.857280533187271487e+00
1.008663286358823186e+01
9.777295031610309550e+00
1.003789079738229084e+01
1.012873179804593704e+01
9.938386154956109664e+00
9.537924826864886185e+00
1.057810716923698635e+01
9.968279427957355665e+00
9.819683102651646678e+00
1.011531964852918009e+01
9.738462072736036035e+00
9.941096502217488862e+00
1.038001593030839054e+01
1.031172781598923827e+01
9.768450608730868012e+00
1.002618232520769403e+01
9.801060456752617611e+00
9.788434492443062851e+00
1.009391744232803134e+01
1.004677853430290391e+01
9.870754040982067323e+00
9.994323045876134515e+00
1.002099567029332583e+01
1.002696720824983068e+01
9.993584086728128923e+00
9.744691503403679178e+00
1.034043268628018097e+01
9.643529775062900100e+00
1.041745090930641027e+01
9.833639829967905754e+00
1.004776531682362339e+01
1.021860091391255843e+01
1.017943280727497424e+01
1.056800334214317516e+01
1.000310962920663194e+01
9.847867791005434412e+00
1.047300150297491150e+01
1.021406212551344517e+01
9.906509117315142277e+00
1.079394021552885441e+01
9.722326254637318144e+00
1.018073883175164163e+01
1.003258422871348721e+01
9.715061140106708848e+00
1.007840765971023700e+01
1.010585544042726269e+01
9.769371874168305325e+00
1.004636536351697451e+01
1.066661783435712252e+01
9.926938705986218636e+00
1.037638640941782064e+01
9.908681374001099940e+00
1.036547557335119052e+01
9.581257895561767768e+00
9.613330987078210654e+00
1.006058480403051192e+01
1.047041317177972353e+01
1.033714440070874119e+01
1.043740722901063123e+01
1.034517040420071154e+01
1.008761848733448829e+01
1.025339158105757242e+01
9.757492433374475027e+00
1.005187497754625170e+01
9.801534824973190396e+00
1.004299695147649452e+01
1.022083336671743758e+01
1.005060769842938662e+01
1.006763911572760151e+01
1.025214593104463034e+01
9.561408411626803883e+00
1.051977668917823472e+01
9.825072978523794021e+00
9.769420565993307548e+00
1.032550327841792459e+01
9.644091721502913828e+00
1.036862947685219716e+01
9.976546980610256909e+00
1.017980597884263005e+01
1.022070095584459715e+01
9.984036804392212971e+00
9.364180976416138336e+00
1.036797166053632147e+01
9.958837714862319501e+00
9.834555810887897209e+00
1.006214054552502013e+01
1.012926677393780928e+01
1.000246742809713218e+01
9.923036380953991653e+00
9.766969796508975676e+00
9.846611340840064841e+00
9.838825497079984217e+00
9.737947660967860131e+00
9.494976674750850165e+00
9.606844796405829001e+00
9.629194075606825720e+00
9.704804766320528131e+00
1.019247014160040088e+01
9.726586792817972338e+00
9.617141721194119697e+00
9.835374682870664742e+00
9.579738142481682317e+00
9.489584843703816830e+00
9.810660194918153110e+00
9.907736690808002677e+00
9.620675348054248843e+00
9.539969943685136400e+00
9.332870993597197184e+00
9.604657079710452905e+00
9.171679646906454764e+00
9.084685285822979850e+00
9.063387342340789132e+00
9.195707823922699475e+00
9.174876443421931427e+00
9.492873196976503891e+00
9.235997148493384046e+00
9.208591085395632092e+00
9.066832395994829596e+00
8.673850890942331304e+00
8.847116218991981640e+00
9.211837864426705380e+00
8.596402751526211361e+00
9.027629061236130070e+00
9.273578368862075649e+00
9.120095232810163211e+00
8.733662613772066763e+00
8.685756739734053156e+00
9.503726936394915725e+00
8.997946172605765014e+00
8.791892958402996783e+00
8.609962113303810227e+00
9.154926394174365711e+00
8.543128679666539327e+00
8.708201287051595685e+00
8.411377652880519307e+00
8.574186413054000866e+00
8.562160589033119606e+00
8.334900758650515940e+00
8.460094997362546110e+00
7.991819571465351935e+00
8.832840449045729514e+00
8.201374007434038660e+00
7.933684299032899290e+00
8.368232939559842265e+00
7.757459102624835623e+00
8.246138358138173530e+00
7.911423611108667764e+00
7.996437292389102502e+00
8.013271788131270057e+00
8.100014763142899810e+00
7.872544787870014993e+00
7.877297066523772706e+00
7.821520713035352124e+00
7.642119938303851612e+00
7.997776104642261963e+00
7.909455302412632172e+00
7.607329555694973600e+00
7.620110889478501903e+00
7.785346198612724145e+00
7.259160213335002609e+00
7.599368507877244383e+00
7.745160227142910969e+00
7.086995885389400840e+00
7.719645310389400272e+00
7.144625969055855563e+00
7.625416231563909797e+00
6.927863776983512523e+00
7.265393055134459210e+00
6.909132878470669148e+00
7.308059868596253672e+00
7.369090950371488979e+00
6.843627955874443280e+00
6.693855893274535340e+00
7.089173013770411202e+00
7.300388423186993769e+00
6.770435618083701534e+00
6.843512780284455310e+00
6.680457147564786702e+00
6.406542564683824992e+00
6.603209381472047390e+00
6.455177192357861138e+00
6.518514895370558726e+00
6.502156682337346894e+00
6.555331277943742485e+00
6.241035071946051005e+00
6.633450036556635787e+00
6.262432407222878084e+00
6.390974387355333519e+00
6.378400355643733199e+00
6.135603404821192264e+00
6.133756788069860022e+00
5.954247380301642245e+00
6.289302464841209250e+00
6.055361013465893727e+00
5.855608557357139254e+00
6.257846764070133183e+00
6.005141211971736226e+00
5.935805402154027632e+00
6.055478408958272496e+00
6.305315026521785882e+00
5.876917903210802763e+00
5.719395709120424165e+00
5.914957220362560442e+00
5.829457769093486341e+00
5.792582341265536172e+00
5.797083339559799597e+00
5.528801589235870395e+00
5.589814143300667837e+00
5.580451315219480790e+00
5.609864935252163676e+00
5.415032880241092528e+00
5.511066956685152896e+00
5.294563245141250540e+00
5.160844683794766574e+00
5.339835408509296499e+00
5.506883831218662095e+00
5.151717615797123173e+00
5.135577483924030240e+00
4.851639616563873325e+00
5.240310495037191707e+00
5.147187033522809152e+00
4.920269271627716989e+00
4.781107088502490221e+00
4.932774765155897967e+00
5.000829218153714173e+00
4.814557447197723938e+00
4.774802524892971078e+00
4.904566864447912344e+00
4.723718220384325761e+00
4.924434482464389973e+00
4.700902324533211107e+00
4.597724752595159003e+00
4.775705123357184334e+00
4.698627413129978336e+00
4.567392720938387107e+00
4.639301269592084331e+00
4.709062392058962487e+00
4.707977915311148287e+00
4.546697095178905634e+00
4.483873760284687648e+00
4.520552152440382443e+00
4.362435006323410747e+00
4.424435978284314785e+00
4.591863311648344492e+00
4.249543771567490857e+00
4.295414432186623443e+00
4.255671425049288636e+00
4.312008847466318961e+00
4.175113081106601953e+00
4.337751093741172070e+00
4.227528176766239376e+00
4.225512771007641888e+00
4.149248780717097240e+00
4.096534497264788577e+00
4.086219726362124938e+00
4.014240156459926823e+00
3.839002898016145693e+00
4.015868607340971508e+00
4.015330732478272324e+00
4.069582074768198332e+00
3.974603599733341319e+00
3.918054070568455227e+00
3.844683979745366464e+00
3.829317692949756324e+00
3.884240861984459947e+00
3.805320036959363605e+00
3.738739124537194591e+00
3.835235511264377894e+00
3.716012630675340933e+00
3.831893321757613879e+00
3.658232868865902709e+00
3.657502343011269641e+00
3.713142988557080137e+00
3.706588551640408458e+00
3.697155343487101398e+00
3.886632928033119327e+00
3.693306071844847605e+00
3.739682871838866163e+00
3.852037749703650427e+00
3.809128172372340693e+00
3.542464092684445287e+00
3.594438271702666832e+00
3.582630998173011783e+00
3.451040134861198094e+00
3.737318904189029567e+00
3.680361118025897937e+00
3.710662084901770186e+00
3.581342594920139621e+00
3.572500109236532939e+00
3.514213979903884955e+00
3.500839725512329803e+00
3.537850015110985069e+00
3.524090546691986070e+00
3.499087447269721096e+00
3.315303824091625717e+00
3.344635491316414466e+00
3.449770671460193672e+00
3.367108704492600690e+00
3.426668342723933058e+00
3.376207229309125868e+00
3.502301706803393255e+00
3.359443381604976686e+00
3.441627256164244031e+00
3.264976658884920724e+00
3.333761230927751562e+00
3.424366079297576082e+00
3.396506027920731530e+00
3.475781316671846088e+00
3.308953624646924663e+00
3.113220138163448780e+00
3.169461759559140113e+00
3.376577133978525325e+00
3.272674335073345819e+00
3.344357367900333777e+00
3.144271968675081741e+00
3.373009917866963026e+00
3.295708331649490397e+00
3.397311743028008646e+00
3.244143357313669984e+00
3.270401516253008456e+00
3.184297619391332379e+00
3.255430070123557229e+00
3.257825026694552317e+00
3.391221677046310834e+00
3.261583827866461061e+00
3.106526531106215572e+00
3.304175911670411470e+00
3.386999165836900971e+00
3.274942855331311353e+00
3.408097551548468385e+00
3.247202810949384233e+00
3.307934663960731214e+00
3.082104210044841697e+00
3.144230116335359426e+00
3.192560864521345465e+00
3.282210268501872807e+00
3.227960755162539108e+00
3.139062091222394990e+00
3.164767140822766667e+00
3.161763733776968621e+00
3.220312549182007711e+00
3.265324246674701669e+00
3.033288107812088352e+00
3.129263152104341472e+00
3.195636202483385091e+00
3.179291211601413369e+00
3.113204176930520539e+00
3.135613919238739111e+00
3.128290464872638399e+00
3.140476602392824557e+00
3.255173954516770607e+00
3.248868693886481029e+00
3.215251344840109660e+00
3.222808135610496727e+00
3.101872124736547498e+00
3.163991263713668900e+00
3.185256898024500405e+00
3.131320026906169396e+00
3.288388731903952422e+00
3.183696818114476468e+00
3.162509773659802015e+00
3.192021214362019688e+00
3.186046644958094198e+00
3.154663531095397655e+00
2.986775164527176507e+00
3.282653587164285014e+00
3.277235403201372410e+00
3.108992464876708439e+00
3.102884102585845572e+00
3.081586230827001671e+00
3.183391861288533242e+00
3.165133926027903666e+00
3.131243004841798516e+00
3.173580277615928313e+00
3.026253263609509414e+00
3.115929117476549326e+00
3.104614657271711931e+00
3.181443073096852370e+00
2.960656438772671706e+00
3.037204591808353005e+00
2.986893169172769813e+00
3.028762228541406198e+00
2.928218942375528044e+00
3.017433164284025526e+00
3.072449670745391881e+00
3.086111803841212531e+00
3.160829074752728118e+00
3.012764748909736667e+00
2.995736729510281471e+00
3.076916135372588457e+00
3.019893378876249646e+00
2.981213026084665429e+00
2.969003755906701070e+00
2.966746092845966132e+00
3.012074381210506413e+00
2.894376715738841366e+00
3.073356235865460029e+00
2.966569931257518000e+00
2.950715550988356473e+00
2.964262300171126352e+00
2.963350769482860692e+00
3.039355233992370842e+00
2.961986408580455699e+00
2.933335890488116604e+00
3.037185189866297819e+00
2.976367046283335149e+00
2.965915168916419820e+00
2.865717343219175817e+00
2.889834660005224265e+00
2.801683856754543900e+00
2.953813972060787663e+00
2.943908877818033787e+00
3.042700805096102190e+00
2.894245294659056000e+00
2.693763334655375985e+00
2.788430565011763118e+00
2.892463495469990153e+00
2.742004571960696246e+00
2.743598713655730048e+00
2.886657079156997430e+00
2.858368445065474717e+00
2.799574589891828502e+00
2.612940224813662393e+00
2.768132267899097165e+00
2.774853087457031631e+00
2.758935221351530132e+00
2.870432310703771250e+00
2.753549958615548743e+00
2.838434326365136595e+00
2.746484336521199054e+00
2.778383101801908506e+00
2.830270315705794015e+00
2.740164731573501378e+00
2.790030450566619358e+00
2.642117187682312185e+00
2.641464353860194514e+00
2.730850444554705270e+00
2.721340617567459486e+00
2.655513531566804364e+00
2.642817905291429348e+00
2.692743149897363519e+00
2.623062120154297627e+00
2.735594575768980352e+00
2.667683714779166326e+00
2.623747972499979930e+00
2.708401173281618668e+00
2.571879185486126929e+00
2.610581068964858975e+00
2.546899929976369936e+00
2.542802071384581364e+00
2.526564337074653555e+00
2.532472494154378584e+00
2.562076857647228145e+00
2.536424798079169651e+00
2.505500962226800077e+00
2.450477606973627154e+00
2.406503414416216291e+00
2.462247500584387350e+00
2.330137763671534579e+00
2.372071713891635625e+00
2.463187990140897288e+00
2.301548104338787759e+00
2.399405727803585631e+00
2.323443460609204703e+00
2.446312491477935502e+00
2.366103231799134399e+00
2.341375610582067779e+00
2.273624688740672362e+00
2.364293533091368804e+00
2.192476058387792914e+00
2.294135908610034580e+00
2.277710538166202170e+00
2.333571463410417213e+00
2.391358400355255043e+00
2.316027006760704054e+00
2.281739886683046503e+00
2.192855703045569538e+00
2.238195388961266907e+00
2.271529891766728593e+00
2.221531726904837356e+00
2.205036237906420560e+00
2.188914631924575804e+00
2.091904475360278237e+00
2.117579417617334592e+00
2.234248525564042076e+00
2.116594317714873164e+00
2.137041934645748764e+00
2.079714511171188995e+00
2.031100088444298457e+00
2.167087629850922958e+00
2.107794698914257303e+00
2.130599562679881487e+00
1.990856162585404876e+00
2.037586027342361827e+00
2.072156688238572020e+00
2.104611084014755829e+00
2.114362786441243980e+00
2.051386195758136299e+00
1.985252672835723375e+00
2.031539429007355402e+00
1.931089581217678930e+00
1.994621477924610531e+00
1.964783626394042360e+00
1.890048449994887525e+00
1.887469269460526844e+00
1.852109866936481941e+00
1.953040008311193620e+00
1.939856739983119915e+00
1.966862680340431435e+00
1.938413483494447753e+00
1.904650021645855951e+00
1.958746601547278088e+00
1.915256118224079929e+00
1.831196015735194305e+00
1.785627679824272285e+00
1.813855135652701511e+00
1.847341372503121582e+00
1.755122868754918741e+00
1.791551882804203855e+00
1.789601821061453046e+00
1.839187905199015205e+00
1.774323943803436610e+00
1.742996697125084093e+00
1.763855528043682952e+00
1.752416369982049860e+00
1.664564556640754311e+00
1.728123019113442016e+00
1.750392089150893948e+00
1.678367727901430850e+00
1.617289299125025837e+00
1.630764684457229663e+00
1.665307442679009098e+00
1.745468591509093503e+00
1.564670804286074635e+00
1.583054463470703332e+00
1.620156774091902729e+00
1.719823238591943637e+00
1.587506413743412947e+00
1.605014754048435410e+00
1.575571437295293586e+00
1.649028050926328648e+00
1.626223958065488917e+00
1.615001808801393768e+00
1.585466975687987556e+00
1.587059504157915413e+00
1.609055298090420694e+00
1.520298274327669397e+00
1.592640831516062505e+00
1.546351662785352854e+00
1.512743139750678978e+00
1.543295722230827893e+00
1.477918002564580169e+00
1.512443542551907383e+00
1.468449716255659787e+00
1.530088605061927787e+00
1.461459461595411735e+00
1.526192289106871769e+00
1.453605256473823548e+00
1.475610306334175448e+00
1.511925763057580641e+00
1.398605305234834173e+00
1.474132513816283296e+00
1.493353006634498437e+00
1.466196519017525901e+00
1.380674580839001742e+00
1.438130357464094455e+00
1.400215067433775884e+00
1.426236531796374107e+00
1.350714725246341841e+00
1.425254161973680933e+00
1.364663791379268964e+00
1.382667269196911297e+00
1.359867456670154295e+00
1.359801484173886799e+00
1.389316790292197901e+00
1.357759470976129590e+00
1.339044232209711804e+00
1.383105161926835747e+00
1.313527855130660615e+00
1.337862286735512107e+00
1.324730325464219316e+00
1.312875935857584109e+00
1.264745435512174554e+00
1.311802147567579624e+00
1.322056050387634185e+00
1.326609499685702298e+00
1.249474695241555633e+00
1.256611373603447657e+00
1.245490759240165168e+00
1.257608248856517230e+00
1.251245240892148169e+00
1.315235761112194313e+00
1.273601814370106000e+00
1.338445050106660261e+00
1.241298667815028178e+00
1.295993639203097736e+00
1.244917072817155912e+00
1.211206897501686752e+00
1.274197184893775647e+00
1.215092467946736310e+00
1.278618728676843119e+00
1.204859139925147593e+00
1.242835546572026884e+00
1.211889437582264195e+00
1.235986230467037705e+00
1.307891410943381016e+00
1.246117735515068548e+00
1.192249810164853763e+00
1.217945706567549857e+00
1.219057207744053795e+00
1.144338266213476674e+00
1.169595162379085229e+00
1.228804980234229793e+00
1.210081968349258297e+00
1.222664902164532386e+00
1.194446944489523377e+00
1.180241566741607961e+00
1.198881010073417297e+00
1.160240151463082681e+00
1.217476565286433221e+00
1.216280093411231888e+00
1.244592492571875875e+00
1.185039677677125924e+00
1.172661859977945475e+00
1.150288265452957592e+00
1.159995663892417372e+00
1.172802959124356281e+00
1.208100002993524491e+00
1.173367601924193870e+00
1.165985271196583906e+00
1.165726292269931852e+00
1.184004172397409516e+00
1.180239502708217314e+00
1.179805495374514290e+00
1.195876855686812901e+00
1.144558594514366590e+00
1.177808754967817562e+00
1.131643731892610250e+00
1.146707466731314629e+00
1.173822490552706155e+00
1.122685344728366674e+00
1.128162135759029461e+00
1.104135063507031278e+00
1.113578479522891573e+00
1.131217037939920456e+00
1.068015745199886402e+00
1.145968326722781150e+00
1.115534390579234314e+00
1.097601817791915568e+00
1.148028226768877058e+00
1.109696860280271702e+00
1.155927112669457690e+00
1.079417504230981040e+00
1.148020484103192684e+00
1.138036790842360979e+00
1.107123915314701001e+00
1.074877083671516242e+00
1.116589690633412513e+00
1.193227309632238997e+00
1.093956867439598080e+00
1.097080245507123131e+00
1.131788427958132059e+00
1.100193286010329841e+00
1.097304992009115354e+00
1.057234595159170176e+00
1.091327695004775222e+00
1.064700131906157088e+00
1.080937679341704927e+00
1.095088385386894902e+00
1.114109140375755702e+00
1.107730766089027874e+00
1.106613580904463046e+00
1.083669858140586140e+00
1.088065798743992119e+00
1.112176200547755789e+00
1.084807232919939635e+00
1.079039758024877171e+00
1.038384459862254916e+00
1.053046503897640651e+00
1.075156737085062320e+00
1.024496151103719832e+00
1.070398751860050401e+00
1.100434437879447058e+00
1.050483709369486762e+00
1.040267253549023385e+00
1.014773224211020786e+00
1.063381944079771824e+00
1.030621226896052400e+00
1.073210608567258584e+00
1.040598205483553862e+00
1.048666966665903866e+00
1.031428475324371874e+00
1.036747426428170860e+00
1.077692809640050431e+00
1.062505174244455786e+00
1.030327549332144654e+00
1.032923651374127560e+00
1.043553697495555710e+00
1.024831692979450093e+00
1.025141473695136973e+00
1.010382852351951577e+00
1.032051030146867276e+00
9.990038184354724793e-01
9.970074475789021395e-01
1.007907655122524337e+00
9.891054525484466176e-01
9.869127802960138141e-01
1.029486527388882244e+00
9.538424661388954506e-01
9.808242806759783772e-01
1.043074751192399008e+00
9.753003758063994999e-01
9.872742188910080818e-01
1.002538348070066254e+00
9.344068020417373166e-01
1.018557707959244940e+00
9.713087374898324855e-01
9.369295120284462097e-01
9.590497063254379562e-01
1.036248899900164888e+00
1.009064965823185833e+00
9.446092218044902511e-01
9.686634728014678064e-01
9.635441178329088308e-01
9.563169112849123632e-01
9.591979051724573990e-01
9.544957752638169035e-01
9.584382902699368767e-01
9.566633223019501697e-01
9.780016087671873359e-01
9.389726495429844277e-01
9.824665197124652360e-01
9.458290922831321668e-01
9.069600322014720328e-01
9.354557684756601432e-01
9.424298023661001888e-01
9.409023178645673502e-01
8.922518571990105674e-01
9.213857230947771759e-01
8.984794735995909054e-01
8.898767082972148801e-01
8.743445349209372219e-01
8.881350641349764485e-01
8.745417787172458102e-01
8.675984583322546850e-01
8.467889975851778939e-01
8.656255883457477651e-01
8.888316915775728022e-01
8.991083251172177215e-01
8.614819249211208563e-01
8.432070066536205832e-01
8.787615577507990050e-01
8.771107515708097546e-01
8.826670445665724118e-01
8.523170535980119089e-01
8.379086542713534147e-01
8.821746972818752530e-01
8.254829112874551011e-01
8.231441540652626454e-01
8.596755612434557881e-01
8.697163862642842691e-01
8.111571655200747744e-01
8.415250147454402807e-01
8.038113907699304672e-01
7.885960087374486172e-01
7.928984801153142747e-01
8.116410568792717939e-01
7.779983203058227215e-01
7.836617476094550616e-01
8.008569510210860054e-01
7.697003320056144959e-01
8.039447841967366504e-01
7.619454096944189292e-01
7.688452458603818318e-01
7.918916715971359155e-01
7.600637537170504832e-01
7.742153207823159189e-01
7.718015124226980106e-01
7.503130270378481903e-01
7.665516859464055477e-01
7.674543935905204783e-01
7.671396330174459210e-01
7.682768791944832865e-01
7.467336900837681091e-01
7.209200203038855781e-01
7.199064838829757340e-01
7.205704301733250050e-01
7.338583939257283806e-01
7.402382838978422974e-01
7.206949293792831446e-01
6.795559257811224496e-01
6.713271845926778170e-01
7.111331256665121003e-01
7.211502215859720843e-01
6.983260527627470626e-01
6.720439205367835234e-01
6.934908472514927924e-01
6.934968606974951655e-01
6.647572008721197578e-01
6.765765812762536413e-01
6.678388040606675347e-01
6.623842892580712460e-01
6.693604174343155133e-01
6.512218960757907293e-01
6.535917405893019172e-01
6.415460465487713426e-01
6.639998268786614366e-01
6.350587328875956228e-01
6.346571792128059553e-01
6.653618767507241127e-01
6.225197794844872234e-01
6.309161281956026102e-01
6.419544365734725089e-01
6.150740736156624644e-01
6.117428854261229842e-01
6.290461490607308637e-01
6.214089733991210451e-01
6.206119903034154062e-01
6.010790310323202990e-01
6.248520782412227970e-01
5.997384191147652199e-01
5.742450360610353854e-01
5.780082629615351797e-01
5.966545624756799393e-01
5.870235010468325410e-01
5.797474378513438609e-01
5.708721316646876431e-01
5.992639924684798336e-01
5.545359806613475717e-01
5.701468514967729107e-01
5.506849751918065916e-01
5.716698560959133646e-01
5.459950048473646289e-01
5.425196917365201488e-01
5.543117482442402322e-01
5.485081282532239255e-01
5.527999856934044942e-01
5.488191194168244857e-01
5.233798725036863386e-01
5.444495561668687422e-01
5.292287030606771525e-01
5.168045633843676434e-01
5.197507900920383950e-01
5.209973317164614537e-01
5.216411648742975693e-01
5.262883760676544398e-01
5.289670286762840901e-01
5.201121383822226996e-01
5.091708868909187169e-01
5.110929648815888404e-01
4.953210053374469957e-01
5.003395104381076486e-01
4.957998652643564874e-01
5.065823512655005523e-01
4.976800323158440675e-01
4.687971768549776819e-01
4.751716512898568334e-01
4.729941093370264027e-01
4.801421036811115983e-01
4.807334678687597562e-01
4.628290097600360475e-01
4.863683590805539803e-01
4.605013659884380495e-01
4.635041752180908969e-01
4.684071844717563882e-01
4.471150937157004068e-01
4.588714805996838564e-01
4.358587632349950058e-01
4.364863214514335676e-01
4.655539233604754079e-01
4.576761213019879815e-01
4.373001938307283787e-01
4.460809437975703506e-01
4.456728528885817719e-01
4.425614801576671087e-01
4.353282557079214410e-01
4.353422356462179899e-01
4.413738181762294488e-01
4.404498444373654009e-01
4.274679914440308037e-01
4.112427867470644927e-01
4.324573052472497348e-01
4.319449405978127432e-01
4.204413688956080697e-01
4.240902393554148442e-01
4.131561317335919470e-01
4.145945259913068615e-01
4.223261945229870862e-01
4.089699030470687613e-01
3.997410352912509346e-01
3.913955210643700888e-01
4.085846133739574060e-01
4.098155118807015884e-01
4.015412909957402632e-01
3.881825232143792381e-01
3.930126189280999660e-01
3.885846952173634961e-01
3.931731514274277028e-01
3.813030409175526825e-01
3.805414709178031596e-01
3.894016325719226179e-01
3.992820468243836185e-01
3.789130172409499453e-01
3.787839688543189198e-01
3.904697496423333303e-01
3.758910250575498435e-01
3.739903353299474098e-01
3.728553565638810241e-01
3.696732731667700111e-01
3.682621630860397621e-01
3.594371465378979891e-01
3.768546837624540680e-01
3.859364878295654111e-01
3.630490226590901703e-01
3.670430358154468387e-01
3.486342049722493397e-01
3.593346227211414168e-01
3.692712262767237630e-01
3.692875945638582347e-01
3.680394876638758417e-01
3.385848827449383092e-01
3.610749892954732143e-01
3.479813599409511404e-01
3.542576729359795951e-01
3.579974717001258577e-01
3.437021934382015753e-01
3.518385154799333336e-01
3.537150788358021103e-01
3.470717550036901966e-01
3.466920623649650257e-01
3.473603936440881612e-01
3.345421481140116171e-01
3.465732925398424813e-01
3.358301427276664253e-01
3.508422935703289780e-01
3.407946147470258813e-01
3.312039127930131999e-01
3.474732616961597742e-01
3.206401385852998831e-01
3.434783860237283215e-01
3.313515949534363569e-01
3.323339144609916418e-01
3.256211259768843069e-01
3.312816832916406495e-01
3.361476698215998260e-01
3.307663548525635600e-01
3.220214135798394328e-01
3.285622053461191294e-01
3.372861549239247192e-01
3.208542135260858963e-01
3.116062612840120871e-01
3.240812696002572380e-01
3.238983195865589582e-01
3.140758312130228491e-01
3.240757171934716685e-01
3.194850927847555089e-01
3.164275662863871297e-01
3.121599377478664894e-01
3.161723532005666359e-01
3.173322964775132649e-01
3.026274769983999247e-01
3.142370590000135300e-01
2.993640244352300250e-01
3.093312410223964526e-01
3.152725921211819715e-01
3.114971007631288646e-01
3.046501532471648233e-01
2.970065128224303463e-01
3.003866911035931175e-01
3.084095615895106057e-01
3.111226281487979861e-01
3.013763356284206996e-01
3.026493009986367944e-01
3.102150818545157396e-01
3.034237636984190023e-01
2.933427131326115100e-01
2.898620365827578316e-01
3.049512955075958098e-01
3.020703619524501282e-01
2.969292996669564144e-01
2.917860411039704949e-01
2.883373737678432969e-01
2.981904138311934904e-01
3.033047185167688231e-01
3.090847530415144484e-01
2.810049472765142609e-01
2.946957964813323727e-01
2.878496962644189749e-01
3.027789336979382906e-01
2.942741562822243639e-01
2.909344796423078972e-01
2.930482343823014313e-01
2.868897185188342136e-01
2.854990717079654017e-01
2.879842555428664963e-01
2.894118072066991232e-01
2.773353791990962325e-01
2.771162414420164644e-01
2.819134890157237727e-01
2.839780371639776813e-01
2.813053130559853288e-01
2.801508847990787920e-01
2.785100482070721473e-01
2.795251510369745618e-01
2.761894852625357832e-01
2.853538551541094925e-01
2.791045536499102142e-01
2.746056322503401814e-01
2.711282567430272628e-01
2.734845819061013650e-01
2.676443129377493180e-01
2.708628211038263678e-01
2.763062858181730697e-01
2.768304983472025249e-01
2.755131198464826903e-01
2.738070261552327800e-01
2.669769682220834994e-01
2.735120818575512702e-01
2.649951250909510780e-01
2.700054170526677844e-01
2.668065315455371844e-01
2.679632059309594583e-01
2.618268453269262386e-01
2.607347665042841767e-01
2.662288366479341195e-01
2.606620979433894036e-01
2.596591237318605638e-01
2.602643935908331985e-01
2.616937130032734315e-01
2.667052148568248016e-01
2.583228080896132761e-01
2.580989205017181209e-01
2.410671237807252287e-01
2.590605381516120631e-01
2.683801714474109423e-01
2.446969157528464667e-01
2.500910119990054081e-01
2.458341257352517906e-01
2.559788658108822501e-01
2.408134848601214961e-01
2.519529478775575648e-01
2.443614011233033179e-01
2.362172554042100137e-01
2.371611093108068891e-01
2.370618836544502450e-01
2.561785912905870655e-01
2.424409381313094858e-01
2.346969977798895324e-01
2.395985419410722461e-01
2.404923923139218878e-01
2.339760129719129778e-01
2.372483188842475776e-01
2.308527027554102828e-01
2.313377607927390445e-01
2.238307276581755767e-01
2.300717851734823405e-01
2.262046585379900721e-01
2.336281642664900515e-01
2.260083391038967549e-01
2.328978674920126613e-01
2.362817437541220311e-01
2.299955440975038068e-01
2.230167125207023482e-01
2.372826559081838427e-01
2.248203715514545953e-01
2.251330667257244178e-01
2.205635220240797223e-01
2.184771732726871751e-01
2.248812789863255668e-01
2.233821124480838138e-01
2.191988623537751146e-01
2.196820784971990070e-01
2.211981692679573508e-01
2.169491742338653939e-01
2.176794485540584356e-01
2.194719154682936713e-01
2.169862598148518396e-01
2.136787181772611677e-01
2.076551500161955832e-01
2.149685975200886223e-01
2.113711703905109263e-01
2.119363806678515594e-01
2.102005944704298801e-01
2.040009673487140629e-01
2.075230892621194034e-01
2.080556981725326660e-01
2.025193602310799978e-01
2.044186993923551021e-01
2.044221848424304933e-01
2.120793241927354245e-01
2.088382632657986571e-01
1.998397398008910919e-01
2.045096672641649738e-01
1.946366996324270793e-01
2.007519124004607802e-01
1.972905485572870599e-01
1.933442842723381294e-01
2.010650625871417685e-01
1.867258435475598333e-01
1.876053330352323301e-01
1.951757416696833503e-01
1.962290291128699626e-01
1.921423664795838537e-01
1.827812341546868891e-01
1.861789092297565784e-01
1.850754283614763906e-01
1.843636282045654218e-01
1.861094670462227485e-01
1.872760679936030237e-01
1.899760334147213847e-01
1.803673877738046771e-01
1.798174589574616233e-01
1.836412785572593687e-01
1.810416517864212038e-01
1.754850856217551602e-01
1.781513676264269430e-01
1.809597817504879913e-01
1.768983374139027342e-01
1.763145293987714857e-01
1.771381646558985723e-01
1.716268447916444173e-01
1.638375518020918908e-01
1.689875746371236886e-01
1.669636563704722521e-01
1.687872555317438128e-01
1.741865307645074357e-01
1.627912287420247295e-01
1.632146291328090970e-01
1.665436080500758975e-01
1.634169294373382653e-01
1.635230395637580492e-01
1.649367069606166303e-01
1.609207764470471369e-01
1.666976523649270070e-01
1.668308258675229028e-01
1.596841526083915552e-01
1.630444378751295387e-01
1.669356167519384093e-01
1.595929306911569034e-01
1.584752107206758298e-01
1.556777630640354682e-01
1.557742923949176905e-01
1.580251587279984105e-01
1.586221262879475291e-01
1.439783698498750264e-01
1.534266231880968834e-01
1.534698226231974993e-01
1.502111292425123146e-01
1.464476067297385831e-01
1.534452114522855681e-01
1.464749241061592266e-01
1.482123480912323210e-01
1.499160456625040216e-01
1.479271951383023254e-01
1.471777280540098598e-01
1.493755828575255018e-01
1.475111792209580497e-01
1.399323315242670396e-01
1.447089098309211064e-01
1.413319723044990373e-01
1.466331657475734851e-01
1.422538009545818716e-01
1.407510259908543171e-01
1.423023238141826186e-01
1.386415402876064462e-01
1.398720089697197133e-01
1.406279288544493855e-01
9.394122635567025137e-19
4.524690093094922410e-17
9.391259057084874247e-19
4.523311168348030423e-17
9.388392026339677083e-19
4.521935573974538095e-17
9.385529469933375202e-19
4.520558128925381064e-17
9.382681400884044515e-19
4.519182198824586331e-17
9.379835887294068620e-19
4.517813837563515275e-17
9.376989733663702018e-19
4.516446922539118545e-17
9.374146439567505847e-19
4.515078037293662981e-17
9.371315776484927898e-19
4.513712573993105424e-17
9.368489413147656941e-19
4.512354465880348662e-17
9.365663718796964494e-19
4.510995823387815320e-17
9.362841689129644055e-19
4.509635689525774306e-17
9.360030081093523507e-19
4.508281418507497851e-17
9.357223676742601656e-19
4.506932495587458721e-17
9.354413772795037881e-19
4.505581738773650835e-17
9.351616762213137503e-19
4.504231306051679962e-17
9.348824600068852671e-19
4.502887609354112491e-17
9.346034706991847888e-19
4.501547871357251398e-17
9.343243977904047061e-19
4.500205150560049653e-17
9.340469610395914075e-19
4.498865087874361334e-17
9.337697205121770707e-19
4.497531414155154058e-17
9.334921877335068170e-19
4.496199859194830823e-17
9.332153891179366052e-19
4.494865709573392198e-17
9.329397061640559746e-19
4.493535911585267848e-17
9.326645863912431201e-19
4.492212521068782202e-17
9.323886403187386469e-19
