0.000000000000000000e+00
0.000000000000000000e+00
1.028014543058523486e+03
9.727421047341662188e+02
9.192668444083188888e+02
8.789350549035234508e+02
8.509976627694284161e+02
8.329267862499141302e+02
8.218011711766282588e+02
8.161916954182133850e+02
8.146574596567855906e+02
8.158143323634352555e+02
8.203155943709480198e+02
8.261951043724715191e+02
8.333209140800915975e+02
8.406149363275505948e+02
8.498300457669894286e+02
8.608095006113790078e+02
8.724064603823853759e+02
8.853736758148344279e+02
8.980940039418373999e+02
9.112615858278271617e+02
9.249029922311460723e+02
9.386316639763259673e+02
9.527666234445223381e+02
9.674378790447246956e+02
9.821524225404681374e+02
9.973232391977439875e+02
1.012784389215042893e+03
1.028453853229240622e+03
1.044523587271009319e+03
1.060392437381105310e+03
1.076869772644351315e+03
1.093422679319090321e+03
1.110024172095085987e+03
1.127249913484065701e+03
1.144195823493434318e+03
1.161391964928504194e+03
1.178950682275198915e+03
1.196776358130662629e+03
1.214790097678946722e+03
1.232906890328029249e+03
1.251128684422719061e+03
1.269466169068972931e+03
1.287967175908475838e+03
1.306694393960528942e+03
1.325612792985632268e+03
1.344705023165826560e+03
1.363945155374275146e+03
1.383322117357958859e+03
1.402891692050728352e+03
1.422713329397864527e+03
1.442734865613567990e+03
1.462885518587447223e+03
1.483146504127525986e+03
1.503513894070171318e+03
1.524099825345798536e+03
1.545005283136551952e+03
1.566187325206057039e+03
1.587558438038916847e+03
1.609097961986265318e+03
1.630812748545781915e+03
1.652708272612721657e+03
1.674802663361849227e+03
1.697099191650100693e+03
1.719623411713875612e+03
1.742412649499770168e+03
1.765447326001106831e+03
1.788689920477148235e+03
1.812095482079458407e+03
1.835633914914406432e+03
1.859283126879788824e+03
1.883157043142690327e+03
1.907370164400068234e+03
1.931932992876255184e+03
1.956848600950711671e+03
1.982073557037902447e+03
2.007482414918970562e+03
2.033059219965928150e+03
2.058847443257605846e+03
2.084868269847683678e+03
2.111145232486429450e+03
2.137688972333887250e+03
2.164475336764222902e+03
2.191502457763189796e+03
2.218761038668155834e+03
2.246246399270963138e+03
2.273927755690532649e+03
2.301786369130213643e+03
2.329833214453277833e+03
2.358071838563319034e+03
2.386512668759306052e+03
2.415156510739670011e+03
2.444018479181432212e+03
2.473091404565530866e+03
2.502390403374150992e+03
2.531908308075435343e+03
2.561645380600461067e+03
2.591609312408480946e+03
2.621778082789784094e+03
2.652166814060625256e+03
2.682768344792306380e+03
2.713582943231591344e+03
2.744596022257760069e+03
2.775807852779968471e+03
2.807211278671688888e+03
2.838799145095371841e+03
2.870564298466577839e+03
2.902492158058164932e+03
2.934590429346726523e+03
2.966844533848315677e+03
2.999247180560858851e+03
3.031797940222256784e+03
3.064488814193222879e+03
3.097311804609600131e+03
3.130258914292705867e+03
3.163329575007783205e+03
3.196515790670701790e+03
3.229802137255338039e+03
3.263188047753046249e+03
3.296665527033130729e+03
3.330226580107961581e+03
3.363855783702339522e+03
3.397552571229673049e+03
3.431308947673483090e+03
3.465109489527438654e+03
3.498953629794788867e+03
3.532825944545522361e+03
3.566718437935417569e+03
3.600630542185153899e+03
3.634546832519955387e+03
3.668452111735415201e+03
3.702354378851961428e+03
3.736232147099829490e+03
3.770086214546182418e+03
3.803902522394659172e+03
3.837681868449219564e+03
3.871410193787760818e+03
3.905080867898846464e+03
3.938679832078056279e+03
3.972215312936074952e+03
4.005665824063563832e+03
4.039024736257992572e+03
4.072292849306535572e+03
4.105448678725041646e+03
4.138493026005265165e+03
4.171396980313507811e+03
4.204153917096209625e+03
4.236749784835062201e+03
4.269170533554350186e+03
4.301402114977783640e+03
4.333422866003154013e+03
4.365240085614956115e+03
4.396838601571997970e+03
4.428218100631950620e+03
4.459370843636977042e+03
4.490303950693111801e+03
4.520994831188559147e+03
4.551450610705582221e+03
4.581656132667807469e+03
4.611603671828524966e+03
4.641270649294725445e+03
4.670649345989665562e+03
4.699732046000142873e+03
4.728496179909514467e+03
4.756941466567832322e+03
4.785052771344654502e+03
4.812822391168882859e+03
4.840242626152664343e+03
4.867305779550739317e+03
4.894004157705245234e+03
4.920322641626105906e+03
4.946268400309019853e+03
4.971818892187638085e+03
4.996966435126679244e+03
5.021710777951786440e+03
5.046036949048083443e+03
5.069937942610208665e+03
5.093399460453952088e+03
5.116422063131374671e+03
5.138998884718069348e+03
5.161115632646324229e+03
5.182772872585469486e+03
5.203963743218507261e+03
5.224673956068580083e+03
5.244904080376649290e+03
5.264639829529195595e+03
5.283881774291015972e+03
5.302623057590632925e+03
5.320849394362057865e+03
5.338561356444080957e+03
5.355752087385942104e+03
5.372407302312688444e+03
5.388520144500898823e+03
5.404098613614894930e+03
5.419128423852924243e+03
5.433610145608003222e+03
5.447544348689648359e+03
5.460931602259206556e+03
5.473750189727799807e+03
5.486015535520560661e+03
5.497713272991471968e+03
5.508836155437779780e+03
5.519362001777947626e+03
5.529298343577365813e+03
5.538615569924080773e+03
5.547321210971130313e+03
5.555400511185604955e+03
5.562846142811073150e+03
5.569687919339517975e+03
5.575911083738008529e+03
5.581523163687799752e+03
5.586539114976944802e+03
5.590959036547737014e+03
5.594790455649417709e+03
5.598033471242149972e+03
5.600673325752366509e+03
5.602710118579189839e+03
5.604143949497767608e+03
5.604967490409963830e+03
5.605173413791288112e+03
5.604769249482535088e+03
5.603740243022855793e+03
5.602093925827578460e+03
5.599837830204617603e+03
5.596972061061168461e+03
5.593489295949459120e+03
5.589397070151176194e+03
5.584695491647531526e+03
5.579392097827054386e+03
5.573479570428051375e+03
5.566965448918305810e+03
5.559857273758459087e+03
5.552147729650404472e+03
5.543836930521898466e+03
5.534939847795713831e+03
5.525441740192341058e+03
5.515365008772043439e+03
5.504702341658542537e+03
5.493461284003165019e+03
5.481641952784164459e+03
5.469244464995355884e+03
5.456283794174196373e+03
5.442760056818659905e+03
5.428673368897018008e+03
5.414038702350256244e+03
5.398863599837149195e+03
5.383140746175116874e+03
5.366892538229487400e+03
5.350111657897375153e+03
5.332813070344860535e+03
5.314989440720865787e+03
5.296648236784116307e+03
5.277789482558592681e+03
5.258428056153693433e+03
5.238549119467871606e+03
5.218167544803889541e+03
5.197290772940259558e+03
5.175933669665057096e+03
5.154103668920516611e+03
5.131823057711653746e+03
5.109091834226646824e+03
5.085932277824520497e+03
5.062351807185355028e+03
5.038357836928106735e+03
5.013950349194005867e+03
4.989136750297342587e+03
4.963931870692605116e+03
4.938335679907771919e+03
4.912348143245671963e+03
4.885976650151706053e+03
4.859243442597838111e+03
4.832141045030612077e+03
4.804699119588107351e+03
4.776910182676590011e+03
4.748789031865291690e+03
4.720357889291338324e+03
4.691616688375814192e+03
4.662572787352297382e+03
4.633240969403670533e+03
4.603636014456652447e+03
4.573757842632724532e+03
4.543621227805799208e+03
4.513240941062204001e+03
4.482616894163049437e+03
4.451763853109013326e+03
4.420689153252834330e+03
4.389414984511347939e+03
4.357941249772144147e+03
4.326275278447731580e+03
4.294439254972907293e+03
4.262440505543561812e+03
4.230278926598289218e+03
4.197969269990904650e+03
4.165526286401186553e+03
4.132949868734178381e+03
4.100254765608764501e+03
4.067440868031394530e+03
4.034530351208636148e+03
4.001530532843438323e+03
3.968448729869046929e+03
3.935299654070454380e+03
3.902097885495098581e+03
3.868850542337552270e+03
3.835572170365127477e+03
3.802277314531296724e+03
3.768965662225981760e+03
3.735659184965368695e+03
3.702364996567749586e+03
3.669090209770560705e+03
3.635834507787065377e+03
3.602627285956051310e+03
3.569460796480680074e+03
3.536357003465756861e+03
3.503323012696461774e+03
3.470358499865413705e+03
3.437485423848467235e+03
3.404710884827675272e+03
3.372049409217108405e+03
3.339500664489488827e+03
3.307071744108081020e+03
3.274792024113497973e+03
3.242646307864324172e+03
3.210663966140876255e+03
3.178837225202397349e+03
3.147188021859632954e+03
3.115716004954920663e+03
3.084435677057840167e+03
3.053354109372351104e+03
3.022478370059257941e+03
2.991822952573716975e+03
2.961387490617370077e+03
2.931186471558342873e+03
2.901219523065664362e+03
2.871501126562332047e+03
2.842045760593572140e+03
2.812853044211728502e+03
2.783930022128817200e+03
2.755283736484149813e+03
2.726928655328046716e+03
2.698871816069785382e+03
2.671112825640302162e+03
2.643658717368793987e+03
2.616516522821018498e+03
2.589685843648973332e+03
2.563173708501557030e+03
2.536987144893464119e+03
2.511125751081758153e+03
2.485596552999494179e+03
2.460414004493721222e+03
2.435577702516139652e+03
2.411102110907862880e+03
2.386994306013679306e+03
2.363253946503452880e+03
2.339888120172284744e+03
2.316911344176547118e+03
2.294315851863440912e+03
2.272108734745934271e+03
2.250297086017772017e+03
2.228880572409289016e+03
2.207858862733121896e+03
2.187239056418234213e+03
2.167020826980528454e+03
2.147218707231177177e+03
2.127817519318417908e+03
2.108839230008186405e+03
2.090276095644827819e+03
2.072135232349762646e+03
2.054416331051871566e+03
2.037119085902742881e+03
2.020258051026056592e+03
2.003818070449035531e+03
1.987813704921746648e+03
1.972237233467439637e+03
1.957095795121232868e+03
1.942381675502555026e+03
1.928102020176405176e+03
1.914263977900809095e+03
1.900852415512731341e+03
1.887881916306265794e+03
1.875352209848542998e+03
1.863255600239560863e+03
1.851599251066008037e+03
1.840382900248413534e+03
1.829598859935245400e+03
1.819246873095109777e+03
1.809334113407468976e+03
1.799860328453273496e+03
1.790810411257662508e+03
1.782191541937344709e+03
1.774003474200234905e+03
1.766245963602133770e+03
1.758903910759649307e+03
1.751991931373274610e+03
1.745494929356157400e+03
1.739412666876554340e+03
1.733744907609312349e+03
1.728483988349409401e+03
1.723637104038934694e+03
1.719196594355282514e+03
1.715162228764466590e+03
1.711533808017109550e+03
1.708303825318297868e+03
1.705472233581698902e+03
1.703038987306669014e+03
1.700989185948552631e+03
1.699322787403487837e+03
1.698039751404208801e+03
1.697132611277953629e+03
1.696586474065735274e+03
1.696416162403104636e+03
1.696591931156455075e+03
1.697128607773046269e+03
1.698018737282868415e+03
1.699254867509371479e+03
1.700822120883783782e+03
1.702735336364177556e+03
1.704972214452909611e+03
1.707540172519029511e+03
1.710424346515725119e+03
1.713632161248627881e+03
1.717148760437302826e+03
1.720966720274014051e+03
1.725093477925141769e+03
1.729514189923169852e+03
1.734221445701710991e+03
1.739215267719106805e+03
1.744473398169466236e+03
1.750010725884086014e+03
1.755797574564543993e+03
1.761833986356607284e+03
1.768120008505464057e+03
1.774640836695631606e+03
1.781403956826300828e+03
1.788387146566961064e+03
1.795597902149818310e+03
1.803028868241614418e+03
1.810672694600367549e+03
1.818522036014660898e+03
1.826576980576508504e+03
1.834822764536938848e+03
1.843252057247317680e+03
1.851850104334307389e+03
1.860617012611713108e+03
1.869538036527083023e+03
1.878605863047532694e+03
1.887813183133085431e+03
1.897152691549943256e+03
1.906631943375127321e+03
1.916236212041540284e+03
1.925958202528755010e+03
1.935798081123000657e+03
1.945756136773800336e+03
1.955810405895838812e+03
1.965961212272834018e+03
1.976194025084495934e+03
1.986501743737403331e+03
1.996877269298162446e+03
2.007306075931176110e+03
2.017773639042790137e+03
2.028295148483285175e+03
2.038841224853592848e+03
2.049434487877044376e+03
2.060045559324609712e+03
2.070697059758241721e+03
2.081359611479078922e+03
2.092048406944907583e+03
2.102748925144896475e+03
2.113446644891268988e+03
2.124141901424194657e+03
2.134820172929039472e+03
2.145466937169020639e+03
2.156082528131649724e+03
2.166652422587247202e+03
2.177176953462674192e+03
2.187649024776071201e+03
2.198068968335005138e+03
2.208422258694851735e+03
2.218716654929849483e+03
2.228952487261695296e+03
2.239107800397445317e+03
2.249197780377670824e+03
2.259193042776484162e+03
2.269101344612508456e+03
2.278908157609298542e+03
2.288598953311445712e+03
2.298181488202322726e+03
2.307641233669905887e+03
2.316971089474101973e+03
2.326178812161041606e+03
2.335249873372287311e+03
2.344184601651717003e+03
2.352983325794612028e+03
2.361646374890054631e+03
2.370166650004781786e+03
2.378537052558233881e+03
2.386757912687356111e+03
2.394814704199312928e+03
2.402707757964110897e+03
2.410429976842991891e+03
2.417974264004814358e+03
2.425333525094645211e+03
2.432508103170677714e+03
2.439490915281100115e+03
2.446282306859797245e+03
2.452890051623576710e+03
2.459299638054688330e+03
2.465518839372476123e+03
2.471540571639344762e+03
2.477357750306079652e+03
2.482985575095709919e+03
2.488402103023658128e+03
2.493622531712318960e+03
2.498632344041766828e+03
2.503431878046141264e+03
2.508021470001089256e+03
2.512401454205945356e+03
2.516564734411152131e+03
2.520504211942961319e+03
2.524227642176487279e+03
2.527720492556475165e+03
2.530990512471640159e+03
2.534030591278448355e+03
2.536833614780194239e+03
2.539414750061216637e+03
2.541759446824799397e+03
2.543882863992281727e+03
2.545777871057073753e+03
2.547444761301237122e+03
2.548883823271698475e+03
2.550102768968844885e+03
2.551087020296652099e+03
2.551851707379162235e+03
2.552389669987761408e+03
2.552693742485865187e+03
2.552779038788992693e+03
2.552630953838100140e+03
2.552264590342684642e+03
2.551672760286279754e+03
2.550863126651106995e+03
2.549821061656281927e+03
2.548569073565076451e+03
2.547099951553410847e+03
2.545406479146600759e+03
2.543503719320301116e+03
2.541391872813213922e+03
2.539063706554296004e+03
2.536526838802597467e+03
2.533781454196793220e+03
2.530827732215879678e+03
2.527665847298704193e+03
2.524310798469321526e+03
2.520747757761892444e+03
2.516991578770229353e+03
2.513049682243156894e+03
2.508914627881258184e+03
2.504586399536347471e+03
2.500087262061158526e+03
2.495402334655737832e+03
2.490539017815829993e+03
2.485497280075072467e+03
2.480291943194604755e+03
2.474908112195025296e+03
2.469360602285428286e+03
2.463656797231831206e+03
2.457781792768140804e+03
2.451750395150394979e+03
2.445569979498353860e+03
2.439233061527871541e+03
2.432747011023840059e+03
2.426111766850342974e+03
2.419334693700776825e+03
2.412423153785813611e+03
2.405377078509925923e+03
2.398196396837090560e+03
2.390903320345850261e+03
2.383482916420832225e+03
2.375957391738374554e+03
2.368319237087556303e+03
2.360575797435741151e+03
2.352734415183616420e+03
2.344802430113020364e+03
2.336779750977699223e+03
2.328666283788685632e+03
2.320476788445075726e+03
2.312211165259509471e+03
2.303869311582480350e+03
2.295458550074851701e+03
2.286993628629775685e+03
2.278459578544165197e+03
2.269878569595692170e+03
2.261250483168711526e+03
2.252575197237295470e+03
2.243860014653261260e+03
2.235104806390030262e+03
2.226324296545394645e+03
2.217518348901175614e+03
2.208686823593963254e+03
2.199837005446052899e+03
2.190976175607121149e+03
2.182104183207825827e+03
2.173235701142230027e+03
2.164355568141569165e+03
2.155493160173853084e+03
2.146633279582287742e+03
2.137783010308193752e+03
2.128956861275234132e+03
2.120147053087202039e+03
2.111368088242218619e+03
2.102627037858124822e+03
2.093908685111717205e+03
2.085242380543634681e+03
2.076612902020355705e+03
2.068027310063165714e+03
2.059507519685617353e+03
2.051030873789417001e+03
2.042626711924862320e+03
2.034287230303360957e+03
2.026019480472012219e+03
2.017823084491938289e+03
2.009705091872989669e+03
2.001679979811926160e+03
1.993739940032396817e+03
1.985884592428523774e+03
1.978128413658144154e+03
1.970471023984000794e+03
1.962919472564717580e+03
1.955465952641127615e+03
1.948132371870588941e+03
1.940903497402189487e+03
1.933793811250057388e+03
1.926802940405536674e+03
1.919930513743067195e+03
1.913191018916918210e+03
1.906576660796260285e+03
1.900094503392140950e+03
1.893751613321518334e+03
1.887547631609856580e+03
1.881482202182122819e+03
1.875562400341382727e+03
1.869787876184045217e+03
1.864165711403396699e+03
1.858688134329184777e+03
1.853377090106841024e+03
1.848209957260306510e+03
1.843208687948252418e+03
1.838372952853334482e+03
1.833694997912972894e+03
1.829181929389710149e+03
1.824833428830063667e+03
1.820664038115568701e+03
1.816658588962948443e+03
1.812824200189627391e+03
1.809167993810689495e+03
1.805689667050270828e+03
1.802396349008730112e+03
1.799272887224468377e+03
1.796333846085661435e+03
1.793578936686944871e+03
1.791007873487314782e+03
1.788620374267771922e+03
1.786416160090200265e+03
1.784402383608708760e+03
1.782571343983114502e+03
1.780930200248217716e+03
1.779478686236205931e+03
1.778209110555466395e+03
1.777128641626533181e+03
1.776244450973810672e+03
1.775541428174639577e+03
1.775034179318954102e+03
1.774715028573922837e+03
1.774583731610146515e+03
1.774640047285632363e+03
1.774883737689171085e+03
1.775321996543162641e+03
1.775947164214571558e+03
1.776759012836368811e+03
1.777749889686460392e+03
1.778934430676525608e+03
1.780304990346331351e+03
1.781853927017790738e+03
1.783581031255401058e+03
1.785493525982689334e+03
1.787591209903660229e+03
1.789859029279225297e+03
1.792304219809020424e+03
1.794926593363957636e+03
1.797725966472095024e+03
1.800702160455349485e+03
1.803847573216067076e+03
1.807162036073442778e+03
1.810645385547276646e+03
1.814297463489052006e+03
1.818110688858830827e+03
1.822092342898230754e+03
1.826219999145263046e+03
1.830515807046364898e+03
1.834957351855224942e+03
1.839559366578819436e+03
1.844306876909121456e+03
1.849199797019634161e+03
1.854230721441223977e+03
1.859407133301390104e+03
1.864729093692495553e+03
1.870174384999144877e+03
1.875765366065742683e+03
1.881479831995976610e+03
1.887317869294564616e+03
1.893286999143178491e+03
1.899372463962823531e+03
1.905574369115507807e+03
1.911900254491670466e+03
1.918327952684118600e+03
1.924865015703116114e+03
1.931511573126553230e+03
1.938252903639970327e+03
1.945089148317291119e+03
1.952020453790175452e+03
1.959039543758463651e+03
1.966146575542997880e+03
1.973334283229908124e+03
1.980602834209227012e+03
1.987952400656998861e+03
1.995375731012572032e+03
2.002873006502780072e+03
2.010436984262230681e+03
2.018067853852678354e+03
2.025765808730701792e+03
2.033508761014897573e+03
2.041311768106773798e+03
2.049167605709514646e+03
2.057061624351993487e+03
2.065001462616871322e+03
2.072979905220825458e+03
2.080982311201396442e+03
2.089023755510625051e+03
2.097082173711610267e+03
2.105165216986515588e+03
2.113265681898255480e+03
2.121376366962009342e+03
2.129490072524377865e+03
2.137607029001162118e+03
2.145727468423183382e+03
2.153836767640445942e+03
2.161935161636394696e+03
2.170015458398911960e+03
2.178077895550881294e+03
2.186115283587815156e+03
2.194127862524205284e+03
2.202108445146198846e+03
2.210049868156278080e+03
2.217945060642797671e+03
2.225801832249324434e+03
2.233613136916340864e+03
2.241371929563204048e+03
2.249071166073221320e+03
2.256726088332314248e+03
2.264322225767211421e+03
2.271859965438091422e+03
2.279332266979340147e+03
2.286739519291071247e+03
2.294074683828305751e+03
2.301338151288985046e+03
2.308515456547731446e+03
2.315606992037558484e+03
2.322613151025512252e+03
2.329519470883000849e+03
2.336333774801880736e+03
2.343034173300884959e+03
2.349635919328829004e+03
2.356124553055535216e+03
2.362493043558027239e+03
2.368749217097085420e+03
2.374878615283337695e+03
2.380881636736623477e+03
2.386766108634467400e+03
2.392525001550544857e+03
2.398158714385132498e+03
2.403667645885096590e+03
2.409044766154554964e+03
2.414297901557437854e+03
2.419412592809228045e+03
2.424396664913015684e+03
2.429235656884537548e+03
2.433929963322485037e+03
2.438465120819625554e+03
2.442848949519897360e+03
2.447074411167406197e+03
2.451127037252060290e+03
2.455022070552138757e+03
2.458745038120359368e+03
2.462303749521302962e+03
2.465691154864327473e+03
2.468907629637874379e+03
2.471946117792821951e+03
2.474814416578313740e+03
2.477512891278219740e+03
2.480034475001391911e+03
2.482386953526606248e+03
2.484563251700561523e+03
2.486563723482646765e+03
2.488396167324174712e+03
2.490046097017559532e+03
2.491521306434684902e+03
2.492807299260263335e+03
2.493897002236895332e+03
2.494790765018909042e+03
2.495488931686186788e+03
2.495984412268666347e+03
2.496277539332604647e+03
2.496368639527379401e+03
2.496272890194533375e+03
2.495983177536679705e+03
2.495507238300571771e+03
2.494852803020057308e+03
2.494020167620823486e+03
2.493002193386746967e+03
2.491799163637861511e+03
2.490403927018131981e+03
2.488809325844385512e+03
2.487008196114980819e+03
2.485000795878202098e+03
2.482779948558812976e+03
2.480353328044188856e+03
2.477728602026857516e+03
2.474906003704275918e+03
2.471893188535612808e+03
2.468690377603045363e+03
2.465312642729059462e+03
2.461760193145957146e+03
2.458033232270047392e+03
2.454124529427466314e+03
2.450026848282105675e+03
2.445747803614603981e+03
2.441272719649661667e+03
2.436594343534938162e+03
2.431720273767813069e+03
2.426658103569361174e+03
2.421393135905389954e+03
2.415955238707207627e+03
2.410337133083579829e+03
2.404546391832892368e+03
2.398583154448074765e+03
2.392469840568180643e+03
2.386184294871290604e+03
2.379741498966761810e+03
2.373126716276628031e+03
2.366347490515031950e+03
2.359396503958652829e+03
2.352266434162880614e+03
2.344972212898975613e+03
2.337506377686492215e+03
2.329876291913036766e+03
2.322081885900021462e+03
2.314145370291855670e+03
2.306051809237566431e+03
2.297823403872775089e+03
2.289460065493524326e+03
2.280961700579720400e+03
2.272328210765271251e+03
2.263566921156500939e+03
2.254670295248234197e+03
2.245653076641198822e+03
2.236507718906656009e+03
2.227234098954208093e+03
2.217846945350200258e+03
2.208331268186429497e+03
2.198694357504825803e+03
2.188943498223038659e+03
2.179071113414341198e+03
2.169084477693730150e+03
2.158990860507838988e+03
2.148782669430747774e+03
2.138474591917973157e+03
2.128066453564906169e+03
2.117565503174644618e+03
2.106971556082397910e+03
2.096306707589562393e+03
2.085555906203284849e+03
2.074733808839008361e+03
2.063832782427959501e+03
2.052867474086946459e+03
2.041830241094298117e+03
2.030720864377471798e+03
2.019546548608762805e+03
2.008307065609528308e+03
1.997002182814004072e+03
1.985646520091986986e+03
1.974224979777866793e+03
1.962759601961419776e+03
1.951242709481730799e+03
1.939681478182071032e+03
1.928075652019253539e+03
1.916439828280708070e+03
1.904758887654967793e+03
1.893054849561000992e+03
1.881320017177514501e+03
1.869561547729858148e+03
1.857786595978126343e+03
1.845994886058053908e+03
1.834186117549578739e+03
1.822374754947457177e+03
1.810560381879110082e+03
1.798742580474429815e+03
1.786928359909877827e+03
1.775117299900407033e+03
1.763323835940631170e+03
1.751540117741383710e+03
1.739773151165630225e+03
1.728022513358704373e+03
1.716295209625644475e+03
1.704598245253184814e+03
1.692931197326757911e+03
1.681293643242660210e+03
1.669685160864320096e+03
1.658120185373179311e+03
1.646590867661725042e+03
1.635096787872531650e+03
1.623652383880208390e+03
1.612257238015721214e+03
1.600903505535580962e+03
1.589605628135470170e+03
1.578370620655659195e+03
1.567183214480873630e+03
1.556065284436810771e+03
1.545008993726805784e+03
1.534021364116935047e+03
1.523109419314126626e+03
1.512272756689892503e+03
1.501510975700320841e+03
1.490823677951994341e+03
1.480225323965026519e+03
1.469708091481420979e+03
1.459279017273481031e+03
1.448937712148247329e+03
1.438683789351456426e+03
1.428524292970504803e+03
1.418458841286155575e+03
1.408494483525215855e+03
1.398623414862400296e+03
1.388860118225075894e+03
1.379196794246569652e+03
1.369640503073945411e+03
1.360190879375866189e+03
1.350854989104149126e+03
1.341625044506813310e+03
1.332515545946152088e+03
1.323518711867303409e+03
1.314634192272775408e+03
1.305876497149809211e+03
1.297237848994986507e+03
1.288717878884922584e+03
1.280323643979491635e+03
1.272047348368121447e+03
1.263903484916779234e+03
1.255884265265740169e+03
1.247996761683463774e+03
1.240233193771365222e+03
1.232600641973474922e+03
1.225106190987190757e+03
1.217742073176289068e+03
1.210515382087325861e+03
1.203425787515782986e+03
1.196472963974270897e+03
1.189656590811097885e+03
1.182976352328967778e+03
1.176439366253570824e+03
1.170037898800310586e+03
1.163779078191397275e+03
1.157662609719284546e+03
1.151680775858434117e+03
1.145840721424877756e+03
1.140142168630814695e+03
1.134592273886497651e+03
1.129175914496159066e+03
1.123900258851514991e+03
1.118772481467646912e+03
1.113784906363335949e+03
1.108937292186467403e+03
1.104236832282129626e+03
1.099675869703099124e+03
1.095254182314659374e+03
1.090971554491015695e+03
1.086835205504591386e+03
1.082837504506550431e+03
1.078978255600914508e+03
1.075264697859965054e+03
1.071689220280890822e+03
1.068251646835949259e+03
1.064951808113707784e+03
1.061789541302718590e+03
1.058772118517778381e+03
1.055884533367463064e+03
1.053141499367177175e+03
1.050528023091484329e+03
1.048051402573531504e+03
1.045711513845404170e+03
1.043508239223797091e+03
1.041434038889637804e+03
1.039496235863601896e+03
1.037679894832570426e+03
1.035999882490100845e+03
1.034441378673782992e+03
1.033011854068324055e+03
1.031696500010260706e+03
1.030510226843681721e+03
1.029438237020458700e+03
1.028488023452978041e+03
1.027659656013348467e+03
1.026938353083062111e+03
1.026339051554554089e+03
1.025846979929836834e+03
1.025462228323632871e+03
1.025199748366367203e+03
1.025037354657137712e+03
1.024990008172971329e+03
1.025057817726158419e+03
1.025226039875909692e+03
1.025502220594052233e+03
1.025886481781427619e+03
1.026371521188381621e+03
1.026957469038927456e+03
1.027629602906889431e+03
1.028402917747522679e+03
1.029255270678581383e+03
1.030201664419260851e+03
1.031227392077388004e+03
1.032332607193219246e+03
1.033532323684394669e+03
1.034804417341579210e+03
1.036163909280527150e+03
1.037596110741289294e+03
1.039116049843234578e+03
1.040709044737309569e+03
1.042382702012912659e+03
1.044122346552006775e+03
1.045920734885829233e+03
1.047792911850785231e+03
1.049724212091368145e+03
1.051707401764936776e+03
1.053750106843931462e+03
1.055845099664867348e+03
1.057985155576447369e+03
1.060185337935150528e+03
1.062430999595165531e+03
1.064722352948053640e+03
1.067059613156555770e+03
1.069442998084719875e+03
1.071865299873312551e+03
1.074326741561256995e+03
1.076820141349439382e+03
1.079345832357032350e+03
1.081904171031784017e+03
1.084495516001795067e+03
1.087105371269615944e+03
1.089741527852552963e+03
1.092396921914930772e+03
1.095071919696847999e+03
1.097759460686268312e+03
1.100467342537060631e+03
1.103188507530155903e+03
1.105923327481524893e+03
1.108664746894207838e+03
1.111413139506929383e+03
1.114161451437606274e+03
1.116917486074334647e+03
1.119666762160983581e+03
1.122424512082785895e+03
1.125168826545356524e+03
1.127914937906316936e+03
1.130648364850500229e+03
1.133376910667950824e+03
1.136086092977955559e+03
1.138783713655851216e+03
1.141462716907351478e+03
1.144130902495890041e+03
1.146773783818971879e+03
1.149399157839019381e+03
1.151992534813436350e+03
1.154569136580600571e+03
1.157114469595232549e+03
1.159628894870806562e+03
1.162112771123908715e+03
1.164566454623418394e+03
1.166982870694097983e+03
1.169362370275918465e+03
1.171705301437888238e+03
1.174004580897392543e+03
1.176260550595998893e+03
1.178473549230395520e+03
1.180643912139608574e+03
1.182764542848080282e+03
1.184835769665672387e+03
1.186857917243105931e+03
1.188831306483816206e+03
1.190748826111661174e+03
1.192618217645636378e+03
1.194432361928705859e+03
1.196184135763837276e+03
1.197888696905785082e+03
1.199524063060378694e+03
1.201105412903307069e+03
1.202618213318902235e+03
1.204077640307573802e+03
1.205469152148303920e+03
1.206793059468373713e+03
1.208057096864704363e+03
1.209246709477435388e+03
1.210377051418866131e+03
1.211433558950872794e+03
1.212423948917913549e+03
1.213341076978487308e+03
1.214192650989926278e+03
1.214971517591892962e+03
1.215677947241984839e+03
1.216312205850348846e+03
1.216874554764240429e+03
1.217365250751968460e+03
1.217777117635702098e+03
1.218110402973887176e+03
1.218372778041796664e+03
1.218557052759773114e+03
1.218663460721248157e+03
1.218699659168157723e+03
1.218651015563412557e+03
1.218517749313607510e+03
1.218314931738441601e+03
1.218035344286865893e+03
1.217671763553242727e+03
1.217239246291603649e+03
1.216723130925613077e+03
1.216131035960386043e+03
1.215463146540088928e+03
1.214712214405273471e+03
1.213885842899942418e+03
1.212984201876347015e+03
1.212000027650060247e+03
1.210940908005632537e+03
1.209806997100907211e+03
1.208583587072335604e+03
1.207293106443157740e+03
1.205920836578558237e+03
1.204474338446923412e+03
1.202946310829833465e+03
1.201344303686662442e+03
1.199668433070171659e+03
1.197918809446210616e+03
1.196088109316394821e+03
1.194183860245611868e+03
1.192206155792190202e+03
1.190155069121497490e+03
1.188030608829954417e+03
1.185840191456715274e+03
1.183568942805292636e+03
1.181231696401421686e+03
1.178820995053156366e+03
1.176344232619873765e+03
1.173801368985316003e+03
1.171192358437772555e+03
1.168517149706219016e+03
1.165775686002695466e+03
1.162975333421169353e+03
1.160108595941604108e+03
1.157182828891895724e+03
1.154197953964088356e+03
1.151146459287215293e+03
1.148035684556602973e+03
1.144865536067174844e+03
1.141643343503284086e+03
1.138361574982304546e+03
1.135027550554698109e+03
1.131641157256753559e+03
1.128202277568405634e+03
1.124710789524545817e+03
1.121166566829704834e+03
1.117576907325980528e+03
1.113941676412822517e+03
1.110253307169530217e+03
1.106526513880565062e+03
1.102753722059773963e+03
1.098934781978131468e+03
1.095076968791103582e+03
1.091180125965747266e+03
1.087244093758427198e+03
1.083268709341781459e+03
1.079253806930846395e+03
1.075206646258264072e+03
1.071127055997265415e+03
1.067014862233648728e+03
1.062862460235246090e+03
1.058691956320647250e+03
1.054488312821980799e+03
1.050258774999324942e+03
1.046010586099612510e+03
1.041736130762916673e+03
1.037435220177032306e+03
1.033115092178316900e+03
1.028782982999262913e+03
1.024431270662828183e+03
1.020059760125061189e+03
1.015675665717509560e+03
1.011278701593168876e+03
1.006868563100113761e+03
1.002452372859464845e+03
9.980223957934629198e+02
9.935857526032031046e+02
9.891421347927572469e+02
9.846986614429212068e+02
9.802550225826013275e+02
9.758034792596062061e+02
9.713511486613784882e+02
9.669051474839515095e+02
9.624577353006773137e+02
9.580160280325171698e+02
9.535871413171889799e+02
9.491559055287135607e+02
9.447368643003861735e+02
9.403297044957057551e+02
9.359341129827644181e+02
9.315423483595975540e+02
9.271763827829774982e+02
9.228136185456053227e+02
9.184760283611444720e+02
9.141484435960118162e+02
9.098454095088179656e+02
9.055591868885711619e+02
9.012968938987349929e+02
8.970582211221975513e+02
8.928502883604329554e+02
8.886653596843603964e+02
8.845031285896103554e+02
8.803707181039034140e+02
8.762752525469405782e+02
8.722015725924434264e+02
8.681642338351945227e+02
8.641555084569049541e+02
8.601825270972078670e+02
8.562449939245511814e+02
8.523426151097424963e+02
8.484750989506227370e+02
8.446495843480809071e+02
8.408657842321003955e+02
8.371159856887643400e+02
8.334073351381351813e+02
8.297395534104118724e+02
8.261197925727610709e+02
8.225403510039648154e+02
8.190083869195221951e+02
8.155162050930977102e+02
8.120783987282031831e+02
8.086798456565110200e+02
8.053276905009360007e+02
8.020290761412373968e+02
7.987762925904901294e+02
7.955764905013867292e+02
7.924293962168389953e+02
7.893347402173676528e+02
7.862922572137837278e+02
7.832942578849422262e+02
7.803627707121222556e+02
7.774752585546160617e+02
7.746463305753821942e+02
7.718757438569034548e+02
7.691558318136626440e+02
7.664937892996798610e+02
7.638819592588406522e+02
7.613349745220128852e+02
7.588451877459884827e+02
7.564123848495631819e+02
7.540363566930889192e+02
7.517168991031195446e+02
7.494612412422902707e+02
7.472617605733460096e+02
7.451175250849840950e+02
7.430357789675725826e+02
7.410141145739937656e+02
7.390523577775146578e+02
7.371503394604676487e+02
7.353078955045640441e+02
7.335256096130777905e+02
7.318033276250887411e+02
7.301409003322347644e+02
7.285381834581696694e+02
7.269950376360586688e+02
7.255120712194276393e+02
7.240884117515420257e+02
7.227246772788735143e+02
7.214200049835588970e+02
7.201742796604935393e+02
7.189888765240866633e+02
7.178622041697915392e+02
7.167941615561054505e+02
7.157846523067419184e+02
7.148343275184299728e+02
7.139408715592742283e+02
7.131056875583136616e+02
7.123272118655878558e+02
7.116061138736516796e+02
7.109408389848737215e+02
7.103313227651551642e+02
7.097775161158729134e+02
7.092786750064725538e+02
7.088340707047694877e+02
7.084429788977453200e+02
7.081069081806176655e+02
7.078229145264486988e+02
7.075917724569671918e+02
7.074127751835005711e+02
7.072852202635172034e+02
7.072076667522968592e+02
7.071809065297215966e+02
7.072035072765953601e+02
7.072747838007668406e+02
7.073940551874383118e+02
7.075606447835682502e+02
7.077738801810920677e+02
7.080330931987059557e+02
7.083376198619630486e+02
7.086868003814266785e+02
7.090792362936120981e+02
7.095150189395944835e+02
7.099935009308047711e+02
7.105125532819872660e+02
7.110722795512083394e+02
7.116713016263219060e+02
7.123089881881570591e+02
7.129847118299703652e+02
7.136971061731128430e+02
7.144448086488415584e+02
7.152279461111494356e+02
7.160451634353544250e+02
7.168943662876712324e+02
7.177764352307035551e+02
7.186892829694268130e+02
7.196315684483255382e+02
7.206034396042985009e+02
7.216028191053512728e+02
7.226298612705841151e+02
7.236824949660128823e+02
7.247593948469102543e+02
7.258607240914931253e+02
7.269844201210580650e+02
7.281299086671637042e+02
7.292951323205918470e+02
7.304802645927719595e+02
7.316832527894097211e+02
7.329035320671268892e+02
7.341390539728813565e+02
7.353900004968935491e+02
7.366543269388628232e+02
7.379314905155378028e+02
7.392202654016834913e+02
7.405216702723164417e+02
7.418270682586214662e+02
7.431471373874902611e+02
7.444747287041408299e+02
7.458101225374201704e+02
7.471536000248592018e+02
7.484980146388380717e+02
7.498436487648565389e+02
7.511907852306414952e+02
7.525471355375584608e+02
7.538981263427768909e+02
7.552514694461215186e+02
7.566074482767724021e+02
7.579514894332081667e+02
7.592987326775148631e+02
7.606420323791649025e+02
7.619742424640944591e+02
7.633105013666411196e+02
7.646288051316302017e+02
7.659442908238756900e+02
7.672498096360932323e+02
7.685456402026990190e+02
7.698246318149539320e+02
7.710944893901349815e+02
7.723554883419075168e+02
7.736004745040467014e+02
7.748297207571456511e+02
7.760360702566823647e+02
7.772346497648018158e+02
7.784108711314127049e+02
7.795650013304338017e+02
7.806973056957701829e+02
7.818154762095898604e+02
7.829123463909699012e+02
7.839807479369749217e+02
7.850283673647310252e+02
7.860480325528096728e+02
7.870474260852350881e+02
7.880193717939370117e+02
7.889641197532221213e+02
7.898893462235963625e+02
7.907804401945311383e+02
7.916376450792719197e+02
7.924686303078027549e+02
7.932736345690931330e+02
7.940380374030143003e+02
7.947769292433309829e+02
7.954756845564359082e+02
7.961493937136615386e+02
7.967834515195154381e+02
7.973855402103964707e+02
7.979559108604436233e+02
7.984873833178812674e+02
7.989802028409841341e+02
7.994346116824615365e+02
7.998582773735619185e+02
8.002365792562322895e+02
8.005846068674197795e+02
8.008877330691284442e+02
8.011536124318522525e+02
8.013750394147741645e+02
8.015596616981322313e+02
8.017002667136647460e+02
8.018044949773099006e+02
8.018651266203390833e+02
8.018897947231210992e+02
8.018712718477074759e+02
8.018097550231968853e+02
8.017054373313318365e+02
8.015585078437859465e+02
8.013765799113524508e+02
8.011449777037365720e+02
8.008713062539117118e+02
8.005557380022364669e+02
8.001910127440290807e+02
7.997847226305365211e+02
7.993370270712281354e+02
7.988480810400849350e+02
7.983106066845414261e+02
7.977321783387305913e+02
7.971055090884127594e+02
7.964381641414621527e+02
7.957228474000149845e+02
7.949671148383706623e+02
7.941636610827205232e+02
7.933126044465115001e+02
7.924214869189880801e+02
7.914904174571867088e+02
7.905120719823883064e+02
7.894865500810228696e+02
7.884139466587497509e+02
7.873017802989177198e+02
7.861427082238526509e+02
7.849368113613923015e+02
7.836915943643356286e+02
7.823997005826992108e+02
7.810611971409174430e+02
7.796835749676056366e+02
7.782668842995726664e+02
7.768037112325018825e+02
7.752940579455607804e+02
7.737453505713534696e+02
7.721575825394698995e+02
7.705307429731308275e+02
7.688648167377422169e+02
7.671523561411750052e+02
7.654007660368312145e+02
7.636100188268089823e+02
7.617800828674800186e+02
7.599109225260408493e+02
7.580024982381155496e+02
7.560547665662232930e+02
7.540676802589496219e+02
7.520486166609017573e+02
7.499900927220477342e+02
7.478994784590402105e+02
7.457692836146411537e+02
7.435994427688702899e+02
7.414047437495145232e+02
7.391702575906465427e+02
7.368959086938126575e+02
7.345964748873130929e+02
7.322570173835126752e+02
7.298923076391308769e+02
7.274948289612258350e+02
7.250644899653473203e+02
7.226086246321031012e+02
7.201197073123876180e+02
7.176050661837933831e+02
7.150571699044812704e+02
7.124833410685519084e+02
7.098908995594696307e+02
7.072648775528517717e+02
7.046200180214478905e+02
7.019413479861361793e+02
6.992436053707824613e+02
6.965266689535555997e+02
6.937792725949277610e+02
6.910124328668472344e+02
6.882245358598902385e+02
6.854161939374915846e+02
6.825872744500878753e+02
6.797391282950762843e+02
6.768723614673762086e+02
6.739883207859907088e+02
6.710868654464310339e+02
6.681693384194178407e+02
6.652363380056131064e+02
6.622884488223287462e+02
6.593276918077900746e+02
6.563531030033143452e+02
6.533659453735156148e+02
6.503674803684671133e+02
6.473574823225961836e+02
6.443364670304637229e+02
6.413056918192661442e+02
6.382656699531153208e+02
6.352169135442403558e+02
6.321599336310139279e+02
6.290974687628996662e+02
6.260285424019471066e+02
6.229551485215075672e+02
6.198785375163482740e+02
6.167984734545608489e+02
6.137162055062191257e+02
6.106329823634333707e+02
6.075485666618578762e+02
6.044642064137004809e+02
6.013804065967987071e+02
5.982976720849105732e+02
5.952165077439692595e+02
5.921381613642085995e+02
5.890631380879144672e+02
5.859926861778226339e+02
5.829265686107786451e+02
5.798660345167969581e+02
5.768123336080248009e+02
5.737652306075913202e+02
5.707259766883195198e+02
5.676943382307754291e+02
5.646723110959094356e+02
5.616596637116172133e+02
5.586569085085719735e+02
5.556653020148178257e+02
5.526838736089557642e+02
5.497153682921708651e+02
5.467595612632198936e+02
5.438169721820131599e+02
5.408881224211545486e+02
5.379750208205339277e+02
5.350767067595824074e+02
5.321951929176283329e+02
5.293295226715082435e+02
5.264817128511429019e+02
5.236522968022554778e+02
5.208403244566643480e+02
5.180478194101003737e+02
5.152745791420330761e+02
5.125211412796958257e+02
5.097880254075146240e+02
5.070764913741595592e+02
5.043855731450032067e+02
5.017165358637648183e+02
4.990699045612525993e+02
4.964462070366213879e+02
4.938459739010506269e+02
4.912697386189309441e+02
4.887172947116096111e+02
4.861891814638740357e+02
4.836866839581438740e+02
4.812088617664147137e+02
4.787577488254377727e+02
4.763324107845919571e+02
4.739341448773176353e+02
4.715620229355262722e+02
4.692173484227379845e+02
4.669006851155176037e+02
4.646111142886606444e+02
4.623506917443515363e+02
4.601177623148734028e+02
4.579136453948077019e+02
4.557389207820513661e+02
4.535934286932344435e+02
4.514770126135504142e+02
4.493910049811054250e+02
4.473352558607050469e+02
4.453103614624973261e+02
4.433154356502265045e+02
4.413518241295244593e+02
4.394193902858493175e+02
4.375180008675555996e+02
4.356475259989108508e+02
4.338078391931449005e+02
4.320003030356024851e+02
4.302240550217869668e+02
4.284789789106936837e+02
4.267657047380969857e+02
4.250841231598197396e+02
4.234341283000743488e+02
4.218163605997566492e+02
4.202299783245376830e+02
4.186756289179621149e+02
4.171532205091279479e+02
4.156619219251137451e+02
4.142031340430841055e+02
4.127760327916234928e+02
4.113797976666647855e+02
4.100165830816968082e+02
4.086840951214011852e+02
4.073830351840815069e+02
4.061133705297506822e+02
4.048750720264026199e+02
4.036681141545223568e+02
4.024917321750576775e+02
4.013466506358468564e+02
4.002321120310958236e+02
3.991481053041282507e+02
3.980946230080086252e+02
3.970716612990450471e+02
3.960792199280313071e+02
3.951165593941005909e+02
3.941836866011868779e+02
3.932806120068570408e+02
3.924073496035319408e+02
3.915631740619741663e+02
3.907481063770837295e+02
3.899614281707782197e+02
3.892031673321189942e+02
3.884733551494858830e+02
3.877712834398635096e+02
3.870969901803147195e+02
3.864497737964825319e+02
3.858296787883477350e+02
3.852367528481088357e+02
3.846695611402892041e+02
3.841289004243381555e+02
3.836140848243834398e+02
3.831244314416495058e+02
3.826600031294483415e+02
3.822201227608083514e+02
3.818041159990151527e+02
3.814127969011526602e+02
3.810447536745871275e+02
3.806993199469486626e+02
3.803773175294679163e+02
3.800773421687605946e+02
3.797994776476294874e+02
3.795430672046086329e+02
3.793074562927278635e+02
3.790927353375747089e+02
3.788982539897599509e+02
3.787241067171381133e+02
3.785689042217351243e+02
3.784327447018566772e+02
3.783149852691935848e+02
3.782149847063650441e+02
3.781328462249538802e+02
3.780671888840833503e+02
3.780181280615533979e+02
3.779858173289434262e+02
3.779681922531070768e+02
3.779669037972869887e+02
3.779798898996201046e+02
3.780065752483893107e+02
3.780478712134924990e+02
3.781024616042383855e+02
3.781705167788850304e+02
3.782507222404801155e+02
3.783432499144404915e+02
3.784467867474754712e+02
3.785622488232654064e+02
3.786883242943717391e+02
3.788244446658633251e+02
3.789700419052338134e+02
3.791252912237204669e+02
3.792896253538249880e+02
3.794617344980742359e+02
3.796417947839515250e+02
3.798292397096657282e+02
3.800235029308991557e+02
3.802240182132843529e+02
3.804309622205383903e+02
3.806430259629967736e+02
3.808603860916887811e+02
3.810824763474687984e+02
3.813094731853656185e+02
3.815393243887406811e+02
3.817722060335181595e+02
3.820090367719076312e+02
3.822470207755899878e+02
3.824870760387473752e+02
3.827286344849950410e+02
3.829711275887600550e+02
3.832139863257316392e+02
3.834566411223480600e+02
3.836992646392644701e+02
3.839412860486398245e+02
3.841813909803128126e+02
3.844197499718530935e+02
3.846565327422621294e+02
3.848896796294121145e+02
3.851208442115258777e+02
3.853472220619649988e+02
3.855704647084102703e+02
3.857892512203549700e+02
3.860022594858745606e+02
3.862103946523733384e+02
3.864130748862239670e+02
3.866097216600950333e+02
3.867997737361738473e+02
3.869834158839594238e+02
3.871600884591952649e+02
3.873299730059500234e+02
3.874917636834671839e+02
3.876456385382471694e+02
3.877910309311914148e+02
3.879288579753101658e+02
3.880570634588059988e+02
3.881765604592944783e+02
3.882860314336278975e+02
3.883856423291853730e+02
3.884755568513440380e+02
3.885551935675169375e+02
3.886247115179883735e+02
3.886827816535259217e+02
3.887295581202360495e+02
3.887659353715261545e+02
3.887898339423518337e+02
3.888028859163383117e+02
3.888037493651092404e+02
3.887918224807388583e+02
3.887687292060076629e+02
3.887323765173758261e+02
3.886828970713996227e+02
3.886211635040003785e+02
3.885458170628282346e+02
3.884569817580237441e+02
3.883547786709856950e+02
3.882385831013412485e+02
3.881085102221420016e+02
3.879639293980739012e+02
3.878049498468246838e+02
3.876309349633355623e+02
3.874434736571037092e+02
3.872411805070071864e+02
3.870241527741392815e+02
3.867924847369989152e+02
3.865462676991499507e+02
3.862855899991481010e+02
3.860097941875547463e+02
3.857189627109682988e+02
3.854124322577272324e+02
3.850917651153546899e+02
3.847548065091148715e+02
3.844023701372186679e+02
3.840352668517466554e+02
3.836513333404272430e+02
3.832528604994398620e+02
3.828384192388925840e+02
3.824087940895076372e+02
3.819640209829314585e+02
3.815033903075510011e+02
3.810269326019108007e+02
3.805354185777878797e+02
3.800281306377687542e+02
3.795050914024415079e+02
3.789663208968480035e+02
3.784125794062597947e+02
3.778431389910552980e+02
3.772580120108896722e+02
3.766579511428915907e+02
3.760422208938618382e+02
3.754123117917392278e+02
3.747674833908665732e+02
3.741077356266051765e+02
3.734338088289877646e+02
3.727456980655143184e+02
3.720433959882864769e+02
3.713268928454646129e+02
3.705961764921717645e+02
3.698519752359773634e+02
3.690935293419618120e+02
3.683223052177913246e+02
3.675367955784469132e+02
3.667384621364328723e+02
3.659272786018950683e+02
3.651024735283373275e+02
3.642655016640006238e+02
3.634155869537491981e+02
3.625534367271558267e+02
3.616790132074800681e+02
3.607930191970294800e+02
3.598946695888150771e+02
3.589854055599835192e+02
3.580651804167227397e+02
3.571332024511848999e+02
3.561909063054817466e+02
3.552382388225719296e+02
3.542744019095277395e+02
3.533008239081970032e+02
3.523174454530457638e+02
3.513234623416217346e+02
3.503202969126150492e+02
3.493071410762269124e+02
3.482854133674136961e+02
3.472543019814093554e+02
3.462152218321093073e+02
3.451673575926838566e+02
3.441121140836305585e+02
3.430493821272813193e+02
3.419790443018632118e+02
3.409017245120826942e+02
3.398180452164366443e+02
3.387278846565119466e+02
3.376311197581828765e+02
3.365283690345015088e+02
3.354195069850391064e+02
3.343051498366804708e+02
3.331851699454833806e+02
3.320601815396126995e+02
3.309300551229508756e+02
3.297954032193813418e+02
3.286568376123641428e+02
3.275142265846728833e+02
3.263681806631583413e+02
3.252185670231611994e+02
3.240659952325692075e+02
3.229103316551225475e+02
3.217521851929761283e+02
3.205921645231597381e+02
3.194293924978110226e+02
3.182644775531925347e+02
3.170987709420647889e+02
3.159313954593243352e+02
3.147629596810804173e+02
3.135940723566576480e+02
3.124253424686521043e+02
3.112558936208594673e+02
3.100878211042597741e+02
3.089202492704602605e+02
3.077537885932639483e+02
3.065883072127745095e+02
3.054244166523882882e+02
3.042627290284931405e+02
3.031023714229576171e+02
3.019447000986609737e+02
3.007888435276794326e+02
2.996361594377844426e+02
2.984865206717693127e+02
2.973398008901621097e+02
2.961973602722650298e+02
2.950583313704745478e+02
2.939233333134424697e+02
2.927929861627972628e+02
2.916679109388022084e+02
2.905465011399786022e+02
2.894308654472038143e+02
2.883201422317451943e+02
2.872149526149894427e+02
2.861159029012555948e+02
2.850221108496385796e+02
2.839349238446209256e+02
2.828542047433725770e+02
2.817805604035284546e+02
2.807131132012263492e+02
2.796532152298783558e+02
2.785999913143117510e+02
2.775555388809819419e+02
2.765174996335936726e+02
2.754879736001817605e+02
2.744668336456368820e+02
2.734539540055467342e+02
2.724492103160096690e+02
2.714524796445108450e+02
2.704651261919122476e+02
2.694870299853386655e+02
2.685173297472069294e+02
2.675573942702998806e+02
2.666071082785244926e+02
2.656656152986550410e+02
2.647342890378950528e+02
2.638122764118324994e+02
2.629009545932232754e+02
2.619994740408772600e+02
2.611084727140862469e+02
2.602278476069749331e+02
2.593574976229208460e+02
2.584973236137611252e+02
2.576487140886961242e+02
2.568108310774965730e+02
2.559835815082455213e+02
2.551668744090926282e+02
2.543613637790263624e+02
2.535677057873946580e+02
2.527843303020098631e+02
2.520126407659767835e+02
2.512518143824894707e+02
2.505025163181011294e+02
2.497646712238271789e+02
2.490389489292786891e+02
2.483245359594593253e+02
2.476213640593925902e+02
2.469301102112632691e+02
2.462507109790171000e+02
2.455831053554768175e+02
2.449272347718249421e+02
2.442830431044398267e+02
2.436512195140894619e+02
2.430302289267842752e+02
2.424215173361557447e+02
2.418243064960982736e+02
2.412393062700244855e+02
2.406657432818060727e+02
2.401043322444334933e+02
2.395543046060767836e+02
2.390156370390143366e+02
2.384897942563116260e+02
2.379752719812401551e+02
2.374720539350374224e+02
2.369808689776679671e+02
2.365009625768527712e+02
2.360323252857162686e+02
2.355756927139777588e+02
2.351303169928475256e+02
2.346961952490105432e+02
2.342733267376097217e+02
2.338624556445398639e+02
2.334620997130363662e+02
2.330730072200900338e+02
2.326951856023418372e+02
2.323279014219525891e+02
2.319726516725903309e+02
2.316272210652677472e+02
2.312923675098785736e+02
2.309688507417989456e+02
2.306552037840083926e+02
2.303521899250227136e+02
2.300598313472467282e+02
2.297774090961660818e+02
2.295042058853594824e+02
2.292417345723999063e+02
2.289885382853758813e+02
2.287453902406498116e+02
2.285115795412064017e+02
2.282871396560836956e+02
2.280721055605635570e+02
2.278657708771873445e+02
2.276681735226272281e+02
2.274793528502034690e+02
2.272993496280816998e+02
2.271282060180466260e+02
2.269644798847156437e+02
2.268089589503235288e+02
2.266616894345760045e+02
2.265219760347909244e+02
2.263898675761642778e+02
2.262646713218965431e+02
2.261464386232606785e+02
2.260359697544087965e+02
2.259318571168129779e+02
2.258341848280258546e+02
2.257430381747677188e+02
2.256585035903867436e+02
2.255799257964462470e+02
2.255073934484359768e+02
2.254409962753625507e+02
2.253800822182067805e+02
2.253247430722428248e+02
2.252750716230000307e+02
2.252296759458563145e+02
2.251901363844390858e+02
2.251550628372440315e+02
2.251238088981197620e+02
2.250979574902024183e+02
2.250761209831449605e+02
2.250576553291756454e+02
2.250441456926284900e+02
2.250334637278029390e+02
2.250264530508692644e+02
2.250232150201005084e+02
2.250223658549422510e+02
2.250247507640478375e+02
2.250304725569856146e+02
2.250381487600126036e+02
2.250478829060646433e+02
2.250597788137962425e+02
2.250731977009596960e+02
2.250889866373179586e+02
2.251057643169155824e+02
2.251243780153100431e+02
2.251441893613431660e+02
2.251645599540345586e+02
2.251863369795519532e+02
2.252081389832154343e+02
2.252308128271133683e+02
2.252537194629065027e+02
2.252762195503912039e+02
2.252991590767663865e+02
2.253218979665630002e+02
2.253437957026444849e+02
2.253642112781735420e+02
2.253847316547638968e+02
2.254032290365451274e+02
2.254212891759432580e+02
2.254375258153111474e+02
2.254512948202921905e+02
2.254641798095327658e+02
2.254740494356047122e+02
2.254824889171613904e+02
2.254881241457163696e+02
2.254910690034956531e+02
2.254914364411846464e+02
2.254893384465054851e+02
2.254841431792226558e+02
2.254752177776199176e+02
2.254634140013816648e+02
2.254480968656539801e+02
2.254293731215554999e+02
2.254066055627746437e+02
2.253798986734113328e+02
2.253486129367915396e+02
2.253135933204018215e+02
2.252741979165666351e+02
2.252297835941115238e+02
2.251819344858045326e+02
2.251285192911942374e+02
2.250711196104860221e+02
2.250083444134517663e+02
2.249410298691684602e+02
2.248692679908358230e+02
2.247916637859507034e+02
2.247090494168448060e+02
2.246215128461493293e+02
2.245276549874289742e+02
2.244283038660086618e+02
2.243235432645749938e+02
2.242127127088387510e+02
2.240958931231789109e+02
2.239739068161451030e+02
2.238453461257537072e+02
2.237102875798943558e+02
2.235695490464728152e+02
2.234224612133977530e+02
2.232690960786260916e+02
2.231087812650150681e+02
2.229423285102592729e+02
2.227690623116493214e+02
2.225890484160429139e+02
2.224016081347967031e+02
2.222075468339608051e+02
2.220069254145170419e+02
2.217990602979484436e+02
2.215847519172020839e+02
2.213633133628621579e+02
2.211340560399275716e+02
2.208985181601359500e+02
2.206560077196561451e+02
2.204065738276919149e+02
2.201495201935616990e+02
2.198856311254929778e+02
2.196142026777241085e+02
2.193352719794959000e+02
2.190488743928189592e+02
2.187557863413239545e+02
2.184545539650687260e+02
2.181466929617465382e+02
2.178307459036824412e+02
2.175082249164273094e+02
2.171776689981743118e+02
2.168405867008187613e+02
2.164955134518758655e+02
2.161432114030365597e+02
2.157844409297402706e+02
2.154177321320067335e+02
2.150438418517405523e+02
2.146635251760415031e+02
2.142753069417205438e+02
2.138806815912424497e+02
2.134789133394610019e+02
2.130692646917062802e+02
2.126532249629315459e+02
2.122300532826455708e+02
2.118004927860804685e+02
2.113630564560160394e+02
2.109192269857539372e+02
2.104682569525342046e+02
2.100108830119857259e+02
2.095470974130507216e+02
2.090768908536243487e+02
2.086002525017256346e+02
2.081171700171676662e+02
2.076276295736716690e+02
2.071331015514211913e+02
2.066313407147314081e+02
2.061238145854360084e+02
2.056112464561233537e+02
2.050921297436814541e+02
2.045671850232171494e+02
2.040363887118674597e+02
2.034997159278527192e+02
2.029578833496242964e+02
2.024108635700146976e+02
2.018578851205045908e+02
2.013004038356480407e+02
2.007376458673048489e+02
2.001695790491811522e+02
1.995969129213358144e+02
1.990188702496870121e+02
1.984361547369390735e+02
1.978487115807509724e+02
1.972564812952053614e+02
1.966594033897133897e+02
1.960581592292758160e+02
1.954519435548477020e+02
1.948421786841342964e+02
1.942273146923467095e+02
1.936095149536456006e+02
1.929872278174258895e+02
1.923618721504187192e+02
1.917326375187613507e+02
1.911001983907582371e+02
1.904637428248281310e+02
1.898246866731047078e+02
1.891822166002059475e+02
1.885370042877309231e+02
1.878882351239913078e+02
1.872373224094286570e+02
1.865827075421898087e+02
1.859265455645524412e+02
1.852672768443134146e+02
1.846055697870466759e+02
1.839428351985081065e+02
1.832767693073100190e+02
1.826095249833570904e+02
1.819402834210570745e+02
1.812697111831895143e+02
1.805977317297611933e+02
1.799235254520999945e+02
1.792485010471577027e+02
1.785718385416173533e+02
1.778942035012705389e+02
1.772155185601305902e+02
1.765364491245441059e+02
1.758569177370136458e+02
1.751761041098192777e+02
1.744954164984262377e+02
1.738147775592927644e+02
1.731341100524185208e+02
1.724533368733511054e+02
1.717731239196714625e+02
1.710926516167819500e+02
1.704133291232497243e+02
1.697343373501887243e+02
1.690556003301666124e+02
1.683777852452551826e+02
1.677008167842477349e+02
1.670253628391725726e+02
1.663506060258648631e+02
1.656772124833069313e+02
1.650050956958057782e+02
1.643349098829647801e+02
1.636658240825620965e+02
1.629992363472608474e+02
1.623335739202599086e+02
1.616702359355920180e+02
1.610091364273838224e+02
1.603494471836465607e+02
1.596925691045477436e+02
1.590376752098930240e+02
1.583854248314020197e+02
1.577357351243661014e+02
1.570885239190531308e+02
1.564437097368017646e+02
1.558019546409256861e+02
1.551631785823969949e+02
1.545273022505297149e+02
1.538942470886325680e+02
1.532646781447494106e+02
1.526377755824276790e+02
1.520149488718776070e+02
1.513953797961058569e+02
1.507797366426274266e+02
1.501679457153291821e+02
1.495599341868284853e+02
1.489556301162363638e+02
1.483549624673799485e+02
1.477586039625298326e+02
1.471664854315442881e+02
1.465777958315599676e+02
1.459939536072743635e+02
1.454141497014554716e+02
1.448390617511810490e+02
1.442678827692749906e+02
1.437012925063240800e+02
1.431399718028748111e+02
1.425823741068755908e+02
1.420299253415718113e+02
1.414825669182025365e+02
1.409394985939158005e+02
1.404014069996868841e+02
1.398682371579428150e+02
1.393391925050163991e+02
1.388157062533472583e+02
1.382977272379946214e+02
1.377844627727229181e+02
1.372758643404196732e+02
1.367726276126540483e+02
1.362747067982593876e+02
1.357820576670617925e+02
1.352946380796522874e+02
1.348124074892249951e+02
1.343360696192936814e+02
1.338648439709508864e+02
1.333986943387130566e+02
1.329383288196412423e+02
1.324829713156590856e+02
1.320333328792486896e+02
1.315893832121156493e+02
1.311503506670255206e+02
1.307169507527732435e+02
1.302891576270367864e+02
1.298669469273509378e+02
1.294495529300514818e+02
1.290384398823767924e+02
1.286328449823778044e+02
1.282327497071744631e+02
1.278373941292099261e+02
1.274482482408671018e+02
1.270645549271227424e+02
1.266863012868286376e+02
1.263142186123684354e+02
1.259468110278005781e+02
1.255855553109828264e+02
1.252289581891566286e+02
1.248784989939042589e+02
1.245334297898473892e+02
1.241930038528620486e+02
1.238587041477152013e+02
1.235297862900554406e+02
1.232062498583932211e+02
1.228873526958322060e+02
1.225745822220118271e+02
1.222664555599947533e+02
1.219644621889050313e+02
1.216671212366926937e+02
1.213751812989439003e+02
1.210879062382009295e+02
1.208067893344690873e+02
1.205296105814568790e+02
1.202578650144323404e+02
1.199915628439168103e+02
1.197299722709270640e+02
1.194731051386593492e+02
1.192209740805729723e+02
1.189735925050142384e+02
1.187309745813812327e+02
1.184931352278405257e+02
1.182600901005883856e+02
1.180318580539009901e+02
1.178077257051732545e+02
1.175877256908764110e+02
1.173726341923566849e+02
1.171609995920758109e+02
1.169543423163053149e+02
1.167519549885363404e+02
1.165538737691052233e+02
1.163593926854723293e+02
1.161692921382814774e+02
1.159836103977673076e+02
1.158016436055707743e+02
1.156226886117397328e+02
1.154482714817631290e+02
1.152776904881815625e+02
1.151109874520667375e+02
1.149474620737856867e+02
1.147871576031166256e+02
1.146308608383875907e+02
1.144778736194363233e+02
1.143282413294474935e+02
1.141820100552562280e+02
1.140392265810888546e+02
1.138991955455512084e+02
1.137619651018331268e+02
1.136283269058888834e+02
1.134968447624420378e+02
1.133683116190787104e+02
1.132427782078602974e+02
1.131202958597793469e+02
1.130001736468508682e+02
1.128824640269490516e+02
1.127664771462203106e+02
1.126537521493463458e+02
1.125428573022770564e+02
1.124345898031213977e+02
1.123282615706291097e+02
1.122239277108648423e+02
1.121216436418943090e+02
1.120214650517448689e+02
1.119227050197439439e+02
1.118261624765293192e+02
1.117311508176402555e+02
1.116377263612346127e+02
1.115459454648657243e+02
1.114551216416357846e+02
1.113660540160521464e+02
1.112780559345426923e+02
1.111919262562429651e+02
1.111062351288690877e+02
1.110217830331915678e+02
1.109386356436001080e+02
1.108553746981164210e+02
1.107742957154145955e+02
1.106932367656461622e+02
1.106130067784850723e+02
1.105336713276956289e+02
1.104545525929152490e+02
1.103757149937538742e+02
1.102979651562709620e+02
1.102206233769496748e+02
1.101430092644930738e+02
1.100659273844234605e+02
1.099894387314443804e+02
1.099128607098290900e+02
1.098362527868508352e+02
1.097596736441488758e+02
1.096831811671248573e+02
1.096060896022915898e+02
1.095291980576482445e+02
1.094518191607323701e+02
1.093740075646026213e+02
1.092965599513837276e+02
1.092180436982095699e+02
1.091392538957553455e+02
1.090594991836557455e+02
1.089795731031147881e+02
1.088987827710705147e+02
1.088179202360901030e+02
1.087355483203333932e+02
1.086524576478360444e+02
1.085686953233325056e+02
1.084843077867302839e+02
1.083985979977949228e+02
1.083116111259016776e+02
1.082233917344362339e+02
1.081347266347042080e+02
1.080441735639138727e+02
1.079525182123539082e+02
1.078598028990225828e+02
1.077653265858259601e+02
1.076698733951014475e+02
1.075727412800133891e+02
1.074739705379858634e+02
1.073736009817295241e+02
1.072724147778683914e+02
1.071689651078663132e+02
1.070640331765290796e+02
1.069569140324799150e+02
1.068483879010585014e+02
1.067384917797634074e+02
1.066265197570342451e+02
1.065125083350169319e+02
1.063964934656017931e+02
1.062792533643946484e+02
1.061593371470091967e+02
1.060382646482115518e+02
1.059145837134237951e+02
1.057898128485416578e+02
1.056624985074676033e+02
1.055334149033561886e+02
1.054018497981387554e+02
1.052685758061087995e+02
1.051328790164174194e+02
1.049955302951632916e+02
1.048565567419992703e+02
1.047144988167844701e+02
1.045708673117169809e+02
1.044256863037859375e+02
1.042774931183061540e+02
1.041277953038478472e+02
1.039758707533931670e+02
1.038224818476452214e+02
1.036661612502291803e+02
1.035084117256144083e+02
1.033485062693702048e+02
1.031857165916021302e+02
1.030215416035461260e+02
1.028552503923010875e+02
1.026875963843833972e+02
1.025171031627360776e+02
1.023445214728495074e+02
1.021698578825724582e+02
1.019931176210642860e+02
1.018150474218079324e+02
1.016341641945747654e+02
1.014512120517001392e+02
1.012669338231489888e+02
1.010805854105431933e+02
1.008914214851195226e+02
1.007009240244040740e+02
1.005090881722134526e+02
1.003144222771122287e+02
1.001184049441312425e+02
9.992028523402593976e+01
9.972079688543112752e+01
9.951918702409582806e+01
9.931544471929022677e+01
9.911030103680791115e+01
9.890300058822337803e+01
9.869352853991770758e+01
9.848334884995161076e+01
9.827020913315151063e+01
9.805631345380662367e+01
9.784015119596740817e+01
9.762243979836358676e+01
9.740315346780568007e+01
9.718152323111777946e+01
9.695900832526054103e+01
9.673409639994366671e+01
9.650824624306848420e+01
9.627994514293689576e+01
9.605065160775954780e+01
9.581959555644706938e+01
9.558674969111775965e+01
9.535282952576118021e+01
9.511706490592600005e+01
9.488017136955780018e+01
9.464137882352039810e+01
9.440214573116888630e+01
9.416095927542649235e+01
9.391853520802794719e+01
9.367558934437758467e+01
9.343060905435474695e+01
9.318505309943436998e+01
9.293815177567452679e+01
9.268987823838007500e+01
9.244094848328380465e+01
9.219133565454133361e+01
9.194027001991375414e+01
9.168846744846442220e+01
9.143590087586869686e+01
9.118254310793307127e+01
9.092910962258815744e+01
9.067408719561107944e+01
9.041893371087064679e+01
9.016287827987321180e+01
8.990663538166900537e+01
8.964943348800601086e+01
8.939198636956906796e+01
8.913426455833771911e+01
8.887623815173921571e+01
8.861713394883807382e+01
8.835840676411416439e+01
8.810002522884008158e+01
8.784047177074775448e+01
8.758194244235168924e+01
8.732291855762038324e+01
8.706336652810793453e+01
8.680473785817905252e+01
8.654551059158227133e+01
8.628712736706867759e+01
8.602805737617340753e+01
8.576974060030819658e+01
8.551138798440771893e+01
8.525369563578176724e+01
8.499661634764322571e+01
8.473935963251521741e+01
8.448187743038191400e+01
8.422560698635597021e+01
8.396975672254809808e+01
8.371353479426046817e+01
8.345912048506490066e+01
8.320423591509189976e+01
8.295031728807462912e+01
8.269657227578613856e+01
8.244369426028166004e+01
8.219163389800722541e+01
8.194034202564017733e+01
8.168902689705831222e+01
8.143912559614554425e+01
8.118984709957973678e+01
8.094114368961706418e+01
8.069296819100800633e+01
8.044601687673097956e+01
8.019950103190809898e+01
7.995411836070194056e+01
7.970982454537798390e+01
7.946657614235930112e+01
7.922358780469404849e+01
7.898230367570515398e+01
7.874194042806746552e+01
7.850245864846316124e+01
7.826382004212450738e+01
7.802673030215758843e+01
7.779115346828042732e+01
7.755631194989862820e+01
7.732291504838424601e+01
7.709018762819353299e+01
7.685884146212842438e+01
7.662958956036928271e+01
7.640091765842745986e+01
7.617354121433885439e+01
7.594780546725424131e+01
7.572338827890557411e+01
7.550048863963088763e+01
7.527900951459447754e+01
7.505907778811166509e+01
7.484059851783756301e+01
7.462370058675793416e+01
7.440836497906978764e+01
7.419464681317748500e+01
7.398252747686584030e+01
7.377206338654909246e+01
7.356331164036227221e+01
7.335618138640349173e+01
7.315087945820020821e+01
7.294731604090534915e+01
7.274547602335576357e+01
7.254549321701645681e+01
7.234735315886950957e+01
7.215111590083084536e+01
7.195661881719928488e+01
7.176407081720721237e+01
7.157345802510330657e+01
7.138469229930578308e+01
7.119783403954703260e+01
7.101286929790192914e+01
7.082985831259831855e+01
7.064878691341876049e+01
7.046964078349698468e+01
7.029247972724176918e+01
7.011721481056929406e+01
6.994390549211108521e+01
6.977261105995238211e+01
6.960324207494963389e+01
6.943578323811830444e+01
6.927036769749784639e+01
6.910683137685076360e+01
6.894523299606082389e+01
6.878555697893267507e+01
6.862778778414309500e+01
6.847190995798959534e+01
6.831798247555386183e+01
6.816584166883293960e+01
6.801554699390224812e+01
6.786715825004947078e+01
6.772051280185573319e+01
6.757567135516779899e+01
6.743262089981023166e+01
6.729134907094916684e+01
6.715176994394686005e+01
6.701402124657070658e+01
6.687794445185460290e+01
6.674353055500999687e+01
6.661084586367712745e+01
6.647980921837871904e+01
6.635034062705759084e+01
6.622250989556938805e+01
6.609623955252284588e+01
